           [38;2;148;163;184;49m⣀⠤⠤⠒⠒⠒⠒⠒⠒⠒⠒⠤⠤⣀[0m
       [38;2;148;163;184;49m⢀⠤⠒⠉[0m  [38;2;7;10;15;48;2;14;15;18m▀[38;2;7;10;15;48;2;18;18;20m▀[38;2;9;11;16;48;2;18;18;18m▀[38;2;9;11;16;48;2;20;20;21m▀[38;2;10;12;17;48;2;22;22;23m▀[38;2;9;10;14;48;2;25;27;29m▀[38;2;9;11;15;48;2;36;38;46m▀[38;2;10;12;17;48;2;25;26;31m▀[38;2;5;7;11;48;2;27;31;40m▀[38;2;6;7;11;48;2;20;24;31m▀[0m  [38;2;148;163;184;49m⠉⠒⠤⡀[0m
     [38;2;148;163;184;49m⢀⠔⠁[0m [38;2;14;13;15;48;2;8;10;14m▗[38;2;10;12;16;48;2;23;23;24m▀[38;2;26;25;26;48;2;20;20;22m▖[38;2;19;19;18;48;2;21;21;21m▖[38;2;22;21;21;48;2;20;20;20m▀[38;2;23;24;26;48;2;21;21;21m▗[38;2;22;22;22;48;2;26;26;29m▐[38;2;23;22;22;48;2;20;19;20m▀[38;2;50;56;69;48;2;25;25;30m▗[38;2;10;7;6;48;2;28;30;33m▗[38;2;19;17;17;48;2;24;25;28m▖[38;2;65;76;89;48;2;26;27;30m▖[38;2;34;37;44;48;2;12;10;8m▀[38;2;39;44;52;48;2;17;16;15m▀[38;2;44;49;59;48;2;16;14;14m▀[38;2;16;17;19;48;2;27;29;35m▞[38;2;11;13;18;48;2;34;36;44m▀[38;2;30;34;44;48;2;9;11;16m▖[0m [38;2;148;163;184;49m⠈⠢⡀[0m
   [38;2;148;163;184;49m⢀⠔⠁[0m [38;2;8;10;15;48;2;9;11;16m▝[38;2;29;30;33;48;2;8;9;14m▐[38;2;81;83;88;48;2;39;39;43m▖[38;2;44;46;51;48;2;20;19;22m▘[38;2;23;22;22;48;2;2;3;6m▀[38;2;6;9;11;48;2;19;20;20m▖[38;2;26;25;30;48;2;19;19;20m▝[38;2;20;20;21;48;2;29;32;39m▐[38;2;33;37;43;48;2;17;16;17m▗[38;2;33;37;46;48;2;62;72;84m▀[38;2;60;70;82;48;2;46;52;63m▗[38;2;39;46;55;48;2;71;81;96m▝[38;2;149;174;200;48;2;63;71;86m▝[38;2;123;146;174;48;2;63;70;83m▀[38;2;57;59;68;48;2;30;31;34m▖[38;2;54;62;79;48;2;29;31;40m▝[38;2;51;60;73;48;2;44;50;62m▀[38;2;33;36;43;48;2;44;51;61m▐[38;2;57;62;73;48;2;33;33;38m▘[38;2;43;44;52;48;2;29;27;30m▘[38;2;39;40;47;48;2;21;22;24m▗[38;2;30;33;39;48;2;12;13;18m▖[0m [38;2;148;163;184;49m⠈⠢⡀[0m
  [38;2;148;163;184;49m⢠⠃[0m [38;2;0;0;0;48;2;9;11;16m  [38;2;10;12;17;48;2;9;11;16m▝[38;2;65;60;68;48;2;6;8;13m▝[38;2;0;0;4;48;2;91;96;100m▖[38;2;52;40;34;48;2;254;244;225m▀[38;2;62;56;48;48;2;201;179;158m▀[38;2;88;83;74;48;2;49;43;39m▖[38;2;47;42;41;48;2;30;30;35m▝[38;2;88;97;109;48;2;30;28;30m▝[38;2;80;87;96;48;2;37;36;42m▀[38;2;57;61;70;48;2;33;22;19m▀[38;2;26;24;28;48;2;47;46;51m▗[38;2;44;48;58;48;2;29;25;26m▀[38;2;47;52;63;48;2;37;38;41m▘[38;2;23;21;25;48;2;28;28;32m▝[38;2;30;30;33;48;2;22;22;23m▀[38;2;23;20;22;48;2;27;25;27m▐[38;2;29;26;32;48;2;21;19;19m▀[38;2;20;19;19;48;2;25;24;27m▖[38;2;24;23;24;48;2;27;26;30m▘[38;2;22;21;21;48;2;25;24;27m▝[38;2;26;24;27;48;2;23;22;23m▖[38;2;21;21;21;48;2;26;23;26m▝[38;2;17;18;19;48;2;24;23;25m▀[38;2;21;21;24;48;2;10;11;16m▖[0m [38;2;148;163;184;49m⠘⡄[0m
 [38;2;148;163;184;49m⢠⠃[0m [38;2;0;0;0;48;2;9;11;16m  [38;2;10;12;17;48;2;9;11;16m▗[38;2;9;11;16;48;2;10;12;17m▀[38;2;22;23;29;48;2;5;7;11m▗[38;2;3;0;10;48;2;50;44;55m▗[38;2;254;254;247;48;2;128;128;128m▐[38;2;125;87;60;48;2;211;174;144m▐[38;2;48;40;35;48;2;134;75;46m▀[38;2;121;99;79;48;2;92;61;43m▐[38;2;65;58;53;48;2;191;155;118m▀[38;2;75;68;61;48;2;165;129;94m▀[38;2;54;48;46;48;2;145;119;96m▀[38;2;37;26;23;48;2;80;61;54m▘[38;2;42;34;32;48;2;125;83;63m▀[38;2;88;60;47;48;2;22;20;21m▖[38;2;31;29;33;48;2;7;12;16m▀[38;2;28;26;29;48;2;25;24;25m▘[38;2;30;30;35;48;2;26;25;27m▐[38;2;39;45;51;48;2;29;29;33m▘[38;2;26;25;28;48;2;22;21;22m▞[38;2;28;26;30;48;2;25;24;25m▐[38;2;26;26;29;48;2;24;23;24m▝[38;2;26;26;29;48;2;24;22;24m▀[38;2;27;25;28;48;2;23;22;23m▀[38;2;28;26;29;48;2;24;22;24m▝[38;2;23;22;24;48;2;29;26;29m▞[38;2;22;22;24;48;2;13;14;18m▖[0m [38;2;148;163;184;49m⠘⡄[0m
 [38;2;148;163;184;49m⡇[0m [38;2;0;0;0;48;2;9;11;16m  [38;2;10;11;16;48;2;9;11;16m▗[38;2;21;20;27;48;2;6;9;13m▗[38;2;30;28;37;48;2;6;8;13m▖[38;2;91;92;93;48;2;2;3;5m▗[38;2;30;29;34;48;2;238;238;237m▘[38;2;254;254;254;48;2;224;169;141m▘[38;2;203;139;102;48;2;188;118;80m▘[38;2;189;142;121;48;2;172;106;72m▐[38;2;86;55;45;48;2;193;154;140m▝[38;2;68;67;70;48;2;214;183;169m▀[38;2;120;80;61;48;2;160;140;126m▐[38;2;165;119;94;48;2;140;91;60m▗[38;2;115;79;55;48;2;184;134;100m▀[38;2;135;93;68;48;2;173;121;86m▘[38;2;145;97;67;48;2;199;136;95m▝[38;2;43;32;26;48;2;203;139;98m▀[38;2;132;95;68;48;2;20;18;20m▖[38;2;7;10;15;48;2;24;23;25m▖[38;2;31;33;38;48;2;20;21;21m▖[38;2;22;21;22;48;2;24;25;27m▀[38;2;27;26;28;48;2;21;21;23m▝[38;2;28;26;27;48;2;6;11;16m▀[38;2;26;24;25;48;2;0;5;13m▀[38;2;23;22;23;48;2;0;3;10m▀[38;2;21;21;22;48;2;8;13;19m▀[38;2;5;10;18;48;2;21;21;21m▖[38;2;24;22;22;48;2;9;15;19m▀[38;2;17;16;20;48;2;7;11;16m▘[0m [38;2;148;163;184;49m⢸[0m
[38;2;148;163;184;49m⢸[0m [38;2;0;0;0;48;2;9;11;16m    [38;2;17;17;23;48;2;8;10;15m▝[38;2;136;137;136;48;2;11;9;15m▗[38;2;164;159;160;48;2;249;244;244m▘[38;2;250;230;225;48;2;224;185;160m▘[38;2;203;154;121;48;2;216;174;145m▖[38;2;230;202;188;48;2;215;168;138m▗[38;2;227;182;159;48;2;251;240;237m▀[38;2;241;214;204;48;2;246;226;221m▀[38;2;222;175;153;48;2;249;232;225m▝[38;2;229;185;161;48;2;254;248;245m▀[38;2;250;230;217;48;2;246;212;191m▖[38;2;234;194;166;48;2;238;204;181m▝[38;2;216;169;130;48;2;232;192;160m▝[38;2;204;149;109;48;2;218;166;127m▀[38;2;231;175;135;48;2;219;164;127m▝[38;2;221;158;119;48;2;241;177;136m▞[38;2;208;158;123;48;2;82;65;57m▖[38;2;28;29;33;48;2;96;69;57m▀[38;2;29;28;31;48;2;43;37;38m▝[38;2;163;108;84;48;2;38;32;33m▗[38;2;66;48;43;48;2;219;157;118m▀[38;2;123;86;64;48;2;228;155;107m▀[38;2;229;159;109;48;2;162;106;75m▞[38;2;124;71;51;48;2;213;154;110m▀[38;2;105;69;47;48;2;216;154;114m▀[38;2;52;33;31;48;2;204;124;79m▀[38;2;252;162;122;48;2;33;25;26m▖[38;2;0;5;11;48;2;9;11;16m▖[0m [38;2;148;163;184;49m⡇[0m
[38;2;148;163;184;49m⢸[0m [38;2;0;0;0;48;2;9;11;16m    [38;2;0;1;4;48;2;13;15;19m▐[38;2;215;205;198;48;2;58;57;60m▐[38;2;221;160;122;48;2;249;222;200m▗[38;2;245;213;192;48;2;174;132;108m▀[38;2;252;221;203;48;2;179;134;107m▀[38;2;234;184;161;48;2;156;95;61m▀[38;2;143;72;57;48;2;219;179;166m▖[38;2;223;186;166;48;2;254;244;238m▖[38;2;254;253;254;48;2;254;243;234m▀[38;2;253;246;244;48;2;252;233;223m▘[38;2;241;203;175;48;2;247;218;199m▗[38;2;240;206;180;48;2;237;197;166m▀[38;2;229;180;146;48;2;235;195;165m▗[38;2;210;149;112;48;2;223;170;134m▐[38;2;209;148;110;48;2;197;128;90m▀[38;2;219;162;126;48;2;202;140;103m▀[38;2;234;179;143;48;2;196;133;100m▀[38;2;223;166;126;48;2;188;127;96m▘[38;2;151;95;74;48;2;189;122;91m▀[38;2;192;119;89;48;2;216;152;118m▘[38;2;243;197;156;48;2;213;161;125m▞[38;2;236;174;130;48;2;88;41;24m▘[38;2;144;83;48;48;2;183;115;85m▀[38;2;191;140;109;48;2;251;215;183m▀[38;2;215;127;100;48;2;246;209;177m▐[38;2;195;100;68;48;2;233;166;127m▘[38;2;252;175;137;48;2;16;15;18m▘[38;2;16;16;19;48;2;7;10;15m▖[0m [38;2;148;163;184;49m⡇[0m
[38;2;148;163;184;49m⢸[0m [38;2;0;0;0;48;2;9;11;16m    [38;2;11;13;18;48;2;9;11;16m▝[38;2;0;0;1;48;2;12;14;18m▀[38;2;32;20;18;48;2;0;3;7m▀[38;2;254;254;254;48;2;112;89;77m▗[38;2;95;58;35;48;2;213;204;190m▀[38;2;150;123;110;48;2;217;210;203m▀[38;2;200;183;176;48;2;210;198;189m▘[38;2;227;197;186;48;2;215;202;195m▀[38;2;243;212;188;48;2;218;192;176m▀[38;2;241;207;180;48;2;209;161;125m▀[38;2;233;189;156;48;2;206;152;115m▀[38;2;227;176;143;48;2;205;147;110m▀[38;2;224;175;137;48;2;214;160;123m▘[38;2;197;134;97;48;2;207;150;113m▐[38;2;191;121;83;48;2;196;132;96m▀[38;2;195;134;98;48;2;190;127;91m▗[38;2;193;130;94;48;2;197;135;101m▝[38;2;183;119;87;48;2;193;130;97m▀[38;2;187;127;94;48;2;204;144;110m▘[38;2;213;150;116;48;2;198;125;91m▀[38;2;140;81;55;48;2;221;172;133m▝[38;2;155;104;78;48;2;232;197;165m▘[38;2;218;146;109;48;2;238;178;142m▐[38;2;211;153;124;48;2;239;186;149m▗[38;2;224;144;115;48;2;162;100;83m▀[38;2;36;25;26;48;2;158;100;85m▐[38;2;0;6;11;48;2;23;22;24m▘[38;2;8;10;16;48;2;12;14;18m▐[0m [38;2;148;163;184;49m⡇[0m
[38;2;148;163;184;49m⢸[0m [38;2;0;0;0;48;2;9;11;16m      [38;2;0;4;9;48;2;10;12;17m▝[38;2;181;149;148;48;2;11;7;11m▝[38;2;55;54;44;48;2;233;206;200m▖[38;2;196;158;141;48;2;213;203;182m▀[38;2;203;188;158;48;2;189;153;132m▗[38;2;190;159;140;48;2;136;93;61m▀[38;2;199;179;160;48;2;91;60;40m▀[38;2;184;146;115;48;2;222;186;150m▞[38;2;194;140;100;48;2;209;158;118m▀[38;2;208;157;116;48;2;218;171;131m▀[38;2;215;164;125;48;2;219;169;130m▘[38;2;205;149;112;48;2;210;158;120m▐[38;2;205;146;109;48;2;198;141;104m▘[38;2;203;145;107;48;2;191;132;97m▀[38;2;189;125;93;48;2;196;134;102m▗[38;2;189;127;94;48;2;195;131;100m▀[38;2;195;130;97;48;2;185;117;87m▀[38;2;132;80;51;48;2;166;106;74m▝[38;2;254;254;246;48;2;124;82;69m▝[38;2;222;192;162;48;2;134;73;60m▀[38;2;129;67;55;48;2;168;109;87m▖[38;2;132;74;63;48;2;172;110;83m▀[38;2;147;82;71;48;2;167;106;86m▘[38;2;20;19;20;48;2;117;77;63m▐[38;2;14;15;18;48;2;20;20;22m▗[38;2;10;12;17;48;2;8;11;16m▘[0m [38;2;148;163;184;49m⡇[0m
 [38;2;148;163;184;49m⡇[0m [38;2;0;0;0;48;2;9;11;16m     [38;2;10;12;17;48;2;9;11;16m▗[38;2;20;3;4;48;2;4;9;15m▐[38;2;254;247;245;48;2;221;196;194m▐[38;2;244;231;235;48;2;232;183;178m▀[38;2;224;201;206;48;2;223;180;171m▀[38;2;191;157;165;48;2;215;183;169m▀[38;2;192;156;154;48;2;215;178;153m▀[38;2;188;145;122;48;2;229;198;171m▘[38;2;195;137;92;48;2;216;172;130m▗[38;2;218;174;134;48;2;200;149;107m▀[38;2;215;167;126;48;2;195;143;103m▀[38;2;204;149;111;48;2;192;136;96m▀[38;2;193;138;101;48;2;183;126;86m▀[38;2;187;126;88;48;2;183;121;85m▀[38;2;191;128;94;48;2;187;123;88m▀[38;2;186;120;88;48;2;179;112;82m▀[38;2;168;102;77;48;2;179;112;83m▝[38;2;182;110;82;48;2;166;98;72m▀[38;2;142;77;55;48;2;180;111;83m▝[38;2;162;95;74;48;2;194;121;91m▘[38;2;209;136;103;48;2;202;130;99m▘[38;2;188;120;89;48;2;200;129;99m▐[38;2;152;97;75;48;2;172;110;82m▐[38;2;64;42;37;48;2;99;64;52m▐[38;2;9;11;16;48;2;36;26;27m▐[0m [38;2;148;163;184;49m⢸[0m
 [38;2;148;163;184;49m⠘⡄[0m [38;2;0;0;0;48;2;9;11;16m    [38;2;10;11;16;48;2;9;11;16m▝[38;2;17;17;22;48;2;8;9;14m▗[38;2;150;143;130;48;2;0;0;0m▐[38;2;222;193;170;48;2;250;246;243m▀[38;2;204;169;139;48;2;247;228;216m▀[38;2;209;170;145;48;2;244;217;198m▀[38;2;227;192;167;48;2;240;206;179m▘[38;2;229;198;161;48;2;238;205;174m▐[38;2;189;129;85;48;2;214;170;128m▐[38;2;185;126;82;48;2;189;140;94m▘[38;2;144;100;64;48;2;179;128;82m▗[38;2;114;79;54;48;2;147;102;67m▗[38;2;149;99;66;48;2;117;81;55m▀[38;2;156;103;69;48;2;136;89;61m▀[38;2;162;103;72;48;2;139;87;61m▀[38;2;170;106;76;48;2;148;89;64m▀[38;2;164;98;73;48;2;150;89;66m▘[38;2;170;109;75;48;2;149;88;65m▗[38;2;175;110;78;48;2;195;130;89m▀[38;2;189;119;86;48;2;194;124;90m▝[38;2;186;116;83;48;2;195;126;90m▗[38;2;181;114;82;48;2;165;102;74m▘[38;2;108;66;51;48;2;151;94;68m▐[38;2;88;55;45;48;2;32;23;23m▘[0m [38;2;148;163;184;49m⢠⠃[0m
  [38;2;148;163;184;49m⠘⡄[0m [38;2;0;0;0;48;2;9;11;16m    [38;2;7;12;17;48;2;9;11;16m▐[38;2;226;210;193;48;2;13;4;6m▝[38;2;164;151;135;48;2;247;232;218m▖[38;2;254;237;221;48;2;231;195;156m▀[38;2;245;218;193;48;2;216;177;132m▀[38;2;235;201;166;48;2;178;135;88m▀[38;2;185;152;112;48;2;120;86;56m▀[38;2;151;114;75;48;2;114;78;52m▀[38;2;144;105;70;48;2;95;66;44m▀[38;2;125;85;58;48;2;100;65;47m▀[38;2;127;83;56;48;2;90;57;42m▀[38;2;115;73;50;48;2;90;56;40m▀[38;2;114;69;49;48;2;101;63;43m▀[38;2;115;71;48;48;2;125;74;52m▖[38;2;138;85;58;48;2;128;78;53m▐[38;2;178;114;79;48;2;156;99;66m▝[38;2;192;130;88;48;2;181;118;78m▗[38;2;194;132;88;48;2;198;139;97m▘[38;2;201;134;98;48;2;201;140;103m▀[38;2;192;119;86;48;2;206;130;92m▝[38;2;82;51;41;48;2;174;106;75m▗[38;2;98;58;46;48;2;17;14;18m▘[0m [38;2;148;163;184;49m⢠⠃[0m
   [38;2;148;163;184;49m⠈⠢⡀[0m [38;2;0;0;0;48;2;9;11;16m  [38;2;9;11;15;48;2;9;11;16m▗[38;2;9;9;16;48;2;0;0;1m▀[38;2;7;2;1;48;2;31;1;2m▀[38;2;33;47;77;48;2;25;20;17m▗[38;2;61;41;20;48;2;59;85;137m▀[38;2;76;53;43;48;2;90;128;197m▀[38;2;83;55;39;48;2;88;126;192m▀[38;2;83;50;30;48;2;80;116;180m▀[38;2;76;42;22;48;2;96;133;198m▀[38;2;115;117;141;48;2;71;38;20m▖[38;2;95;55;38;48;2;77;45;31m▐[38;2;151;88;53;48;2;109;66;43m▗[38;2;127;80;52;48;2;162;101;64m▀[38;2;134;83;52;48;2;182;118;76m▀[38;2;141;88;54;48;2;189;131;88m▀[38;2;173;115;71;48;2;200;150;106m▀[38;2;201;147;104;48;2;223;172;129m▀[38;2;235;175;131;48;2;214;157;116m▖[38;2;102;68;51;48;2;198;133;94m▗[38;2;145;92;65;48;2;15;13;17m▀[0m [38;2;148;163;184;49m⢀⠔⠁[0m
     [38;2;148;163;184;49m⠈⠢⡀[0m [38;2;7;9;13;48;2;9;11;16m▝[38;2;67;79;110;48;2;31;35;51m▐[38;2;138;173;242;48;2;94;121;167m▝[38;2;139;182;252;48;2;117;151;209m▀[38;2;113;154;224;48;2;125;164;232m▝[38;2;81;119;184;48;2;103;141;210m▐[38;2;91;127;195;48;2;77;111;177m▗[38;2;73;107;173;48;2;97;135;204m▀[38;2;39;69;126;48;2;94;136;206m▗[38;2;240;211;172;48;2;104;131;186m▐[38;2;168;109;64;48;2;237;187;145m▀[38;2;195;135;91;48;2;248;204;167m▀[38;2;206;154;112;48;2;237;188;147m▀[38;2;209;155;114;48;2;229;174;132m▀[38;2;198;159;124;48;2;225;175;133m▗[38;2;241;192;148;48;2;139;114;93m▀[38;2;210;164;125;48;2;39;35;34m▀[38;2;101;75;59;48;2;0;0;7m▀[0m [38;2;148;163;184;49m⢀⠔⠁[0m
       [38;2;148;163;184;49m⠈⠒⠤⣀[0m  [38;2;51;66;95;48;2;0;0;0m▀[38;2;57;78;121;48;2;2;1;2m▀[38;2;68;95;150;48;2;5;7;10m▀[38;2;103;138;200;48;2;13;16;23m▀[38;2;63;93;151;48;2;18;23;35m▀[38;2;180;191;214;48;2;18;22;31m▀[38;2;231;201;171;48;2;22;23;26m▀[38;2;184;144;115;48;2;2;2;6m▀[38;2;126;93;69;48;2;0;0;5m▀[38;2;83;64;53;48;2;0;0;5m▀[0m  [38;2;148;163;184;49m⣀⠤⠒⠁[0m
           [38;2;148;163;184;49m⠉⠒⠒⠤⠤⠤⠤⠤⠤⠤⠤⠒⠒⠉[0m
