         [38;2;148;163;184;49m⢀⡠⠤⠒⠒⠒⠒⠒⠒⠒⠒⠤⢄⡀[0m
      [38;2;148;163;184;49m⣀⠔⠊⠁[0m [38;2;7;10;15;48;2;16;17;19m▀[38;2;8;10;15;48;2;19;19;21m▀[38;2;10;12;16;48;2;22;22;22m▀[38;2;11;13;16;48;2;22;22;22m▀[38;2;13;15;19;48;2;21;21;21m▀[38;2;11;12;15;48;2;33;36;41m▀[38;2;38;41;47;48;2;20;22;27m▖[38;2;31;34;42;48;2;15;16;21m▗[38;2;7;9;13;48;2;35;40;50m▀[38;2;4;5;9;48;2;33;40;50m▀[0m [38;2;148;163;184;49m⠈⠑⠢⣀[0m
    [38;2;148;163;184;49m⡠⠊[0m [38;2;7;9;15;48;2;15;15;18m▀[38;2;37;39;43;48;2;11;12;15m▗[38;2;17;17;20;48;2;33;32;35m▀[38;2;21;20;20;48;2;24;23;24m▐[38;2;22;21;21;48;2;20;20;20m▘[38;2;21;21;20;48;2;23;24;27m▀[38;2;25;25;28;48;2;19;19;19m▀[38;2;20;19;18;48;2;25;26;31m▀[38;2;22;22;26;48;2;41;46;56m▘[38;2;50;57;69;48;2;19;19;21m▖[38;2;13;12;14;48;2;103;120;140m▀[38;2;122;144;171;48;2;26;28;30m▖[38;2;13;11;10;48;2;24;24;27m▖[38;2;23;23;24;48;2;41;46;56m▀[38;2;22;22;24;48;2;33;37;45m▀[38;2;20;22;27;48;2;48;53;62m▀[38;2;40;42;51;48;2;17;19;24m▖[38;2;13;14;17;48;2;8;10;14m▖[0m [38;2;148;163;184;49m⠑⢄[0m
  [38;2;148;163;184;49m⢀⠜[0m [38;2;0;0;0;48;2;9;11;16m [38;2;10;12;17;48;2;9;11;16m▗[38;2;43;42;48;48;2;2;4;9m▐[38;2;107;105;102;48;2;59;60;65m▗[38;2;11;12;15;48;2;47;37;32m▀[38;2;4;6;9;48;2;57;50;43m▀[38;2;17;17;17;48;2;39;32;30m▀[38;2;60;59;64;48;2;31;31;36m▗[38;2;14;13;13;48;2;81;89;100m▀[38;2;62;69;79;48;2;56;61;72m▞[38;2;44;46;52;48;2;53;59;70m▗[38;2;72;84;100;48;2;48;53;63m▀[38;2;83;95;113;48;2;34;37;44m▀[38;2;72;80;95;48;2;26;25;28m▀[38;2;26;26;30;48;2;37;38;41m▐[38;2;47;54;67;48;2;27;23;27m▀[38;2;46;54;65;48;2;27;26;29m▀[38;2;33;34;39;48;2;24;24;25m▀[38;2;34;33;38;48;2;26;24;26m▘[38;2;34;37;44;48;2;25;24;26m▝[38;2;12;13;18;48;2;22;22;24m▝[38;2;15;16;19;48;2;9;11;15m▖[0m [38;2;148;163;184;49m⠣⡀[0m
 [38;2;148;163;184;49m⢀⠎[0m [38;2;0;0;0;48;2;9;11;16m   [38;2;4;7;12;48;2;7;10;14m▗[38;2;143;150;156;48;2;28;24;35m▝[38;2;169;165;159;48;2;254;242;221m▖[38;2;190;169;149;48;2;95;79;62m▘[38;2;36;40;42;48;2;74;51;36m▀[38;2;15;17;23;48;2;128;111;91m▀[38;2;31;32;38;48;2;89;76;63m▀[38;2;29;19;19;48;2;81;73;67m▀[38;2;72;53;46;48;2;35;29;30m▗[38;2;18;16;19;48;2;48;37;34m▘[38;2;35;35;38;48;2;18;18;20m▀[38;2;23;23;24;48;2;30;28;32m▝[38;2;22;21;22;48;2;26;24;27m▘[38;2;22;20;22;48;2;36;41;46m▀[38;2;20;19;19;48;2;25;25;27m▀[38;2;24;24;25;48;2;27;26;30m▖[38;2;25;24;26;48;2;25;25;27m▖[38;2;24;23;26;48;2;26;26;28m▀[38;2;24;23;24;48;2;27;24;26m▝[38;2;23;23;25;48;2;27;25;27m▀[38;2;25;24;27;48;2;12;14;18m▖[0m [38;2;148;163;184;49m⠱⡀[0m
 [38;2;148;163;184;49m⡎[0m [38;2;0;0;0;48;2;9;11;16m   [38;2;10;11;17;48;2;7;10;14m▝[38;2;9;12;17;48;2;0;0;0m▀[38;2;36;35;40;48;2;208;209;210m▀[38;2;205;137;102;48;2;250;224;213m▗[38;2;205;138;98;48;2;172;100;62m▘[38;2;135;84;61;48;2;190;146;129m▀[38;2;133;103;85;48;2;97;76;68m▞[38;2;161;169;174;48;2;149;121;94m▖[38;2;165;126;94;48;2;116;69;42m▀[38;2;97;74;63;48;2;139;91;60m▀[38;2;188;130;91;48;2;143;97;70m▗[38;2;61;42;35;48;2;187;125;86m▀[38;2;117;78;55;48;2;18;18;18m▖[38;2;24;23;23;48;2;4;9;15m▀[38;2;24;23;24;48;2;25;24;26m▖[38;2;20;21;20;48;2;23;23;24m▖[38;2;29;27;30;48;2;23;22;22m▝[38;2;16;18;21;48;2;25;24;26m▗[38;2;26;23;24;48;2;8;13;18m▀[38;2;27;24;24;48;2;0;6;13m▀[38;2;25;23;23;48;2;7;15;19m▀[38;2;25;24;25;48;2;16;17;19m▀[38;2;11;12;17;48;2;17;17;20m▐[0m [38;2;148;163;184;49m⢱[0m
[38;2;148;163;184;49m⢸[0m [38;2;0;0;0;48;2;9;11;16m   [38;2;12;14;19;48;2;8;10;15m▗[38;2;46;41;50;48;2;6;5;11m▘[38;2;19;16;22;48;2;247;247;246m▘[38;2;254;254;254;48;2;225;188;166m▘[38;2;209;152;117;48;2;212;167;135m▝[38;2;205;146;110;48;2;231;201;182m▀[38;2;217;172;151;48;2;249;231;226m▀[38;2;240;205;191;48;2;248;225;218m▀[38;2;211;156;129;48;2;251;235;228m▀[38;2;206;160;136;48;2;253;233;218m▀[38;2;225;182;153;48;2;239;207;183m▀[38;2;200;151;113;48;2;232;192;159m▀[38;2;204;144;104;48;2;214;161;122m▀[38;2;235;170;124;48;2;224;169;134m▀[38;2;61;47;38;48;2;206;149;111m▝[38;2;20;27;35;48;2;64;49;45m▀[38;2;59;49;44;48;2;28;28;32m▖[38;2;88;61;53;48;2;21;23;26m▗[38;2;12;13;18;48;2;179;125;96m▀[38;2;45;34;30;48;2;224;153;106m▀[38;2;91;60;46;48;2;228;157;110m▀[38;2;48;26;22;48;2;210;143;98m▀[38;2;33;26;26;48;2;170;109;78m▀[38;2;5;10;15;48;2;164;102;73m▀[38;2;0;3;11;48;2;7;10;15m▖[0m [38;2;148;163;184;49m⡇[0m
[38;2;148;163;184;49m⢸[0m [38;2;0;0;0;48;2;9;11;16m   [38;2;6;8;13;48;2;10;12;17m▐[38;2;200;194;190;48;2;0;0;3m▐[38;2;246;239;234;48;2;242;191;154m▀[38;2;242;208;183;48;2;181;139;117m▀[38;2;245;209;190;48;2;187;141;113m▀[38;2;232;188;171;48;2;149;80;52m▀[38;2;246;232;226;48;2;211;168;153m▀[38;2;254;237;224;48;2;254;250;248m▖[38;2;254;250;248;48;2;253;239;230m▀[38;2;244;208;182;48;2;248;224;208m▗[38;2;240;207;182;48;2;238;198;168m▀[38;2;229;179;145;48;2;236;195;165m▗[38;2;201;133;97;48;2;216;160;124m▗[38;2;214;155;118;48;2;199;132;95m▀[38;2;227;173;139;48;2;202;140;105m▀[38;2;227;171;135;48;2;202;142;108m▘[38;2;137;92;73;48;2;191;121;90m▀[38;2;148;88;68;48;2;213;146;112m▘[38;2;254;208;165;48;2;224;170;132m▝[38;2;229;166;123;48;2;101;53;33m▘[38;2;210;140;102;48;2;162;100;67m▗[38;2;200;148;112;48;2;247;213;180m▘[38;2;246;178;146;48;2;214;121;89m▘[38;2;26;24;25;48;2;229;170;132m▗[38;2;11;12;17;48;2;0;3;9m▐[0m [38;2;148;163;184;49m⡇[0m
[38;2;148;163;184;49m⢸[0m [38;2;0;0;0;48;2;9;11;16m   [38;2;10;12;17;48;2;9;11;16m▝[38;2;1;3;5;48;2;12;14;18m▀[38;2;27;11;8;48;2;5;6;10m▝[38;2;254;254;254;48;2;118;96;84m▗[38;2;108;77;54;48;2;223;205;193m▀[38;2;153;129;117;48;2;205;192;187m▘[38;2;202;186;177;48;2;217;197;189m▖[38;2;235;205;186;48;2;218;203;196m▀[38;2;206;156;118;48;2;235;201;173m▗[38;2;233;191;158;48;2;201;147;109m▀[38;2;225;174;140;48;2;202;145;107m▀[38;2;223;173;135;48;2;214;159;122m▘[38;2;191;123;86;48;2;202;143;106m▝[38;2;191;121;84;48;2;194;132;96m▀[38;2;189;127;91;48;2;197;136;100m▘[38;2;183;119;88;48;2;193;129;96m▝[38;2;182;120;88;48;2;199;140;106m▘[38;2;212;150;117;48;2;193;122;88m▀[38;2;245;226;194;48;2;190;130;94m▗[38;2;160;110;84;48;2;239;207;174m▘[38;2;221;157;121;48;2;230;163;127m▐[38;2;243;184;148;48;2;185;126;104m▀[38;2;201;129;104;48;2;141;84;72m▀[38;2;0;6;11;48;2;28;22;25m▝[38;2;9;11;16;48;2;18;18;21m▐[0m [38;2;148;163;184;49m⡇[0m
[38;2;148;163;184;49m⢸[0m [38;2;0;0;0;48;2;9;11;16m     [38;2;4;8;12;48;2;9;12;16m▝[38;2;100;69;70;48;2;6;3;7m▝[38;2;254;254;254;48;2;195;175;164m▗[38;2;190;153;129;48;2;216;208;196m▀[38;2;212;200;184;48;2;178;140;116m▖[38;2;160;131;104;48;2;123;86;76m▀[38;2;117;83;75;48;2;191;162;133m▖[38;2;198;143;103;48;2;218;171;131m▀[38;2;211;161;120;48;2;220;176;136m▀[38;2;221;174;134;48;2;217;167;128m▖[38;2;203;146;110;48;2;209;155;117m▐[38;2;185;128;93;48;2;199;142;104m▗[38;2;201;142;107;48;2;190;128;93m▀[38;2;190;126;94;48;2;193;129;98m▞[38;2;178;110;83;48;2;193;128;95m▗[38;2;147;93;62;48;2;176;111;80m▝[38;2;231;212;207;48;2;114;64;48m▝[38;2;238;190;161;48;2;139;83;68m▘[38;2;144;85;70;48;2;180;112;86m▀[38;2;140;79;66;48;2;177;116;86m▀[38;2;120;79;64;48;2;170;108;87m▐[38;2;33;26;25;48;2;16;17;20m▖[38;2;14;15;18;48;2;8;11;16m▘[0m [38;2;148;163;184;49m⡇[0m
 [38;2;148;163;184;49m⢇[0m [38;2;0;0;0;48;2;9;11;16m    [38;2;11;14;19;48;2;9;11;16m▝[38;2;74;51;51;48;2;2;3;6m▝[38;2;74;63;56;48;2;243;227;223m▖[38;2;239;201;205;48;2;210;165;141m▀[38;2;225;192;198;48;2;201;162;134m▀[38;2;218;184;178;48;2;213;176;149m▀[38;2;222;185;163;48;2;235;205;178m▀[38;2;200;143;98;48;2;227;192;158m▐[38;2;208;162;120;48;2;189;132;89m▀[38;2;205;154;114;48;2;184;131;88m▀[38;2;198;142;103;48;2;164;114;75m▀[38;2;189;131;92;48;2;161;105;71m▀[38;2;190;127;90;48;2;169;110;76m▀[38;2;190;128;93;48;2;176;111;80m▘[38;2;183;116;84;48;2;173;106;79m▘[38;2;175;105;78;48;2;152;90;66m▀[38;2;169;103;74;48;2;185;115;84m▞[38;2;211;135;103;48;2;190;118;87m▝[38;2;207;134;102;48;2;197;127;93m▀[38;2;199;127;97;48;2;177;112;83m▘[38;2;95;61;50;48;2;151;94;72m▐[38;2;19;17;21;48;2;53;35;33m▐[0m [38;2;148;163;184;49m⡸[0m
 [38;2;148;163;184;49m⠈⢆[0m [38;2;0;0;0;48;2;9;11;16m   [38;2;10;11;16;48;2;9;11;16m▝[38;2;0;0;5;48;2;9;9;15m▗[38;2;246;243;237;48;2;30;20;18m▐[38;2;239;224;211;48;2;254;249;241m▝[38;2;238;213;195;48;2;254;237;218m▀[38;2;241;208;179;48;2;243;213;189m▐[38;2;193;161;122;48;2;237;204;169m▗[38;2;227;189;145;48;2;172;129;88m▘[38;2;191;139;92;48;2;150;110;74m▀[38;2;179;127;80;48;2;134;91;60m▘[38;2;118;79;53;48;2;130;87;58m▐[38;2;125;86;58;48;2;111;71;49m▀[38;2;142;92;63;48;2;121;72;50m▀[38;2;148;91;66;48;2;128;76;54m▀[38;2;169;109;75;48;2;147;88;64m▗[38;2;151;91;66;48;2;180;116;79m▀[38;2;182;120;82;48;2;196;133;91m▘[38;2;194;125;90;48;2;200;133;98m▀[38;2;175;109;79;48;2;197;124;88m▝[38;2;110;66;51;48;2;166;101;73m▗[38;2;98;60;46;48;2;30;21;22m▘[0m [38;2;148;163;184;49m⡰⠁[0m
  [38;2;148;163;184;49m⠈⢢[0m [38;2;0;0;0;48;2;9;11;16m   [38;2;6;12;17;48;2;9;11;16m▝[38;2;78;65;58;48;2;4;3;5m▝[38;2;208;184;158;48;2;0;0;0m▀[38;2;218;181;137;48;2;17;10;4m▀[38;2;186;142;93;48;2;60;49;52m▀[38;2;129;88;49;48;2;80;67;70m▀[38;2;111;71;41;48;2;81;62;59m▀[38;2;92;60;33;48;2;79;57;52m▀[38;2;97;63;45;48;2;62;31;21m▀[38;2;76;44;33;48;2;90;56;41m▖[38;2;124;75;49;48;2;95;59;41m▗[38;2;108;67;45;48;2;137;85;53m▀[38;2;124;76;51;48;2;145;90;55m▀[38;2;175;118;72;48;2;150;94;60m▗[38;2;180;118;77;48;2;201;148;105m▀[38;2;197;138;97;48;2;224;165;124m▀[38;2;181;117;81;48;2;210;144;103m▗[38;2;196;121;85;48;2;75;49;39m▀[38;2;93;58;46;48;2;6;8;14m▘[0m [38;2;148;163;184;49m⡔⠁[0m
    [38;2;148;163;184;49m⠑⢄[0m [38;2;0;0;0;48;2;9;11;16m [38;2;11;13;19;48;2;8;10;14m▗[38;2;98;123;171;48;2;27;24;36m▗[38;2;65;59;85;48;2;138;183;246m▀[38;2;74;102;158;48;2;141;185;252m▀[38;2;125;165;236;48;2;92;133;204m▖[38;2;87;131;206;48;2;76;110;174m▀[38;2;76;111;175;48;2;81;120;191m▗[38;2;106;161;244;48;2;82;122;191m▝[38;2;254;209;159;48;2;119;114;128m▗[38;2;112;64;34;48;2;207;147;100m▀[38;2;164;100;60;48;2;231;182;140m▀[38;2;182;121;79;48;2;233;180;137m▀[38;2;199;141;98;48;2;237;183;138m▀[38;2;236;190;147;48;2;214;166;124m▖[38;2;235;183;137;48;2;141;112;91m▀[38;2;193;143;107;48;2;28;24;25m▀[38;2;98;68;53;48;2;9;8;14m▘[0m [38;2;148;163;184;49m⡠⠊[0m
      [38;2;148;163;184;49m⠉⠢⢄⡀[0m [38;2;68;87;121;48;2;0;0;0m▀[38;2;84;114;169;48;2;5;6;9m▀[38;2;74;105;166;48;2;14;19;30m▀[38;2;109;149;220;48;2;34;44;63m▀[38;2;66;100;165;48;2;27;39;62m▀[38;2;195;211;226;48;2;61;66;77m▀[38;2;253;213;178;48;2;64;59;56m▀[38;2;215;171;137;48;2;23;17;16m▀[38;2;170;128;98;48;2;2;3;9m▀[38;2;117;92;74;48;2;0;0;4m▀[0m [38;2;148;163;184;49m⢀⡠⠔⠉[0m
         [38;2;148;163;184;49m⠈⠑⠒⠤⠤⠤⠤⠤⠤⠤⠤⠒⠊⠁[0m
