           [38;2;148;163;184;49m⣀⠤⠤⠒⠒⠒⠒⠒⠒⠒⠒⠤⠤⣀[0m
       [38;2;148;163;184;49m⢀⠤⠒⠉[0m  [38;2;14;15;19;48;2;7;10;15m▄[38;2;18;18;20;48;2;8;10;16m▄[38;2;18;19;19;48;2;9;11;16m▄[38;2;20;20;21;48;2;9;11;16m▄[38;2;22;22;23;48;2;11;12;17m▄[38;2;25;27;30;48;2;9;10;14m▄[38;2;36;39;46;48;2;10;11;16m▄[38;2;26;27;32;48;2;10;12;18m▄[38;2;26;30;40;48;2;5;7;11m▄[38;2;22;26;34;48;2;5;7;11m▄[0m  [38;2;148;163;184;49m⠉⠒⠤⡀[0m
     [38;2;148;163;184;49m⢀⠔⠁[0m [38;2;12;12;14;48;2;8;10;16m▄[38;2;24;24;25;48;2;11;12;17m▄[38;2;24;23;23;48;2;19;20;22m▄[38;2;19;19;19;48;2;21;21;22m▄[38;2;20;20;20;48;2;22;22;21m▄[38;2;22;22;24;48;2;23;23;23m▄[38;2;24;23;25;48;2;25;25;26m▄[38;2;18;17;17;48;2;21;21;20m▄[38;2;41;45;56;48;2;23;24;26m▄[38;2;16;15;15;48;2;31;33;38m▄[38;2;25;25;30;48;2;25;25;27m▄[38;2;53;62;72;48;2;20;19;22m▄[38;2;9;7;3;48;2;32;36;41m▄[38;2;18;17;16;48;2;40;45;54m▄[38;2;16;14;13;48;2;46;51;61m▄[38;2;23;23;25;48;2;22;24;30m▄[38;2;37;40;48;48;2;10;11;16m▄[38;2;22;25;31;48;2;7;9;14m▄[0m [38;2;148;163;184;49m⠈⠢⡀[0m
   [38;2;148;163;184;49m⢀⠔⠁[0m [38;2;2;4;9;48;2;7;9;15m▄[38;2;22;25;30;48;2;18;17;19m▄[38;2;69;69;73;48;2;42;44;48m▄[38;2;13;11;14;48;2;39;40;44m▄[38;2;0;2;4;48;2;21;20;20m▄[38;2;13;14;15;48;2;19;19;18m▄[38;2;22;21;24;48;2;24;24;27m▄[38;2;24;25;31;48;2;22;22;25m▄[38;2;27;29;32;48;2;18;16;16m▄[38;2;62;72;85;48;2;32;36;45m▄[38;2;54;62;73;48;2;48;55;67m▄[38;2;72;83;98;48;2;43;49;59m▄[38;2;63;72;88;48;2;110;129;150m▄[38;2;68;75;90;48;2;136;161;191m▄[38;2;44;45;50;48;2;18;17;18m▄[38;2;26;29;36;48;2;39;43;56m▄[38;2;48;55;68;48;2;55;65;80m▄[38;2;37;42;50;48;2;41;47;56m▄[38;2;30;29;32;48;2;49;52;62m▄[38;2;29;27;29;48;2;36;34;40m▄[38;2;33;33;39;48;2;18;19;21m▄[38;2;26;28;33;48;2;9;12;17m▄[0m [38;2;148;163;184;49m⠈⠢⡀[0m
  [38;2;148;163;184;49m⢠⠃[0m [38;2;0;0;0;48;2;9;11;16m [38;2;9;11;16;48;2;10;12;17m▄[38;2;11;13;18;48;2;2;5;9m▄[38;2;0;0;0;48;2;24;24;31m▄[38;2;55;62;72;48;2;92;92;94m▄[38;2;254;254;249;48;2;66;55;48m▄[38;2;209;185;161;48;2;60;53;45m▄[38;2;52;52;48;48;2;49;40;34m▄[38;2;23;25;31;48;2;32;27;26m▄[38;2;21;20;24;48;2;73;76;84m▄[38;2;37;36;41;48;2;83;92;104m▄[38;2;36;24;21;48;2;57;60;69m▄[38;2;32;29;32;48;2;46;47;53m▄[38;2;29;25;25;48;2;45;48;58m▄[38;2;41;40;41;48;2;43;48;58m▄[38;2;26;27;32;48;2;24;24;28m▄[38;2;23;22;23;48;2;30;29;31m▄[38;2;24;22;24;48;2;27;24;25m▄[38;2;20;18;18;48;2;29;26;31m▄[38;2;22;21;22;48;2;26;25;28m▄[38;2;28;27;32;48;2;26;25;27m▄[38;2;26;25;27;48;2;23;23;23m▄[38;2;25;24;26;48;2;23;21;22m▄[38;2;26;23;25;48;2;25;24;25m▄[38;2;25;24;26;48;2;17;17;19m▄[38;2;17;17;21;48;2;8;10;16m▄[0m [38;2;148;163;184;49m⠘⡄[0m
 [38;2;148;163;184;49m⢠⠃[0m [38;2;0;0;0;48;2;9;11;16m  [38;2;10;12;17;48;2;9;11;16m▄[38;2;10;12;17;48;2;8;10;15m [38;2;11;12;18;48;2;5;7;12m▄[38;2;9;7;20;48;2;29;27;40m▄[38;2;219;219;220;48;2;213;198;187m▄[38;2;225;169;132;48;2;161;137;112m▄[38;2;116;53;20;48;2;21;15;11m▄[38;2;122;84;64;48;2;95;81;68m▄[38;2;190;157;121;48;2;69;63;56m▄[38;2;175;136;98;48;2;75;69;62m▄[38;2;138;115;92;48;2;55;50;48m▄[38;2;85;66;58;48;2;46;32;29m▄[38;2;135;89;67;48;2;51;40;38m▄[38;2;52;37;32;48;2;24;22;23m▄[38;2;0;7;13;48;2;28;27;31m▄[38;2;26;23;24;48;2;27;24;26m▄[38;2;28;27;30;48;2;29;31;36m▄[38;2;30;29;33;48;2;36;39;44m▄[38;2;23;23;24;48;2;23;21;23m▄[38;2;27;25;27;48;2;26;25;28m▄[38;2;25;23;25;48;2;26;25;28m▄[38;2;23;22;23;48;2;27;27;29m▄[38;2;24;22;23;48;2;27;25;27m▄[38;2;24;22;23;48;2;27;25;28m▄[38;2;27;26;26;48;2;27;26;29m▄[38;2;19;19;22;48;2;12;13;18m▄[0m [38;2;148;163;184;49m⠘⡄[0m
 [38;2;148;163;184;49m⡇[0m [38;2;0;0;0;48;2;9;11;16m  [38;2;6;9;14;48;2;9;11;16m▄[38;2;20;21;26;48;2;6;9;14m▄[38;2;0;0;2;48;2;9;12;16m▄[38;2;29;36;41;48;2;0;0;0m▄[38;2;254;254;254;48;2;123;125;130m▄[38;2;227;165;133;48;2;254;254;243m▄[38;2;183;111;69;48;2;184;107;66m▄[38;2;189;131;102;48;2;180;123;97m▄[38;2;205;166;153;48;2;119;88;78m▄[38;2;218;190;177;48;2;66;67;72m▄[38;2;154;114;100;48;2;132;116;100m▄[38;2;143;92;68;48;2;141;88;52m▄[38;2;186;137;104;48;2;110;76;54m▄[38;2;168;120;84;48;2;165;115;83m▄[38;2;204;139;98;48;2;181;120;82m▄[38;2;213;146;102;48;2;37;26;23m▄[38;2;90;67;50;48;2;0;6;13m▄[38;2;7;12;20;48;2;21;21;21m▄[38;2;27;29;33;48;2;21;20;20m▄[38;2;24;24;26;48;2;21;21;21m▄[38;2;19;20;22;48;2;26;25;27m▄[38;2;6;11;16;48;2;28;26;28m▄[38;2;0;5;13;48;2;26;23;24m▄[38;2;1;5;11;48;2;23;23;23m▄[38;2;7;12;18;48;2;21;22;22m▄[38;2;13;15;20;48;2;22;22;22m▄[38;2;11;16;19;48;2;24;22;23m▄[38;2;5;10;16;48;2;13;13;18m▄[0m [38;2;148;163;184;49m⢸[0m
[38;2;148;163;184;49m⢸[0m [38;2;0;0;0;48;2;9;11;16m   [38;2;15;17;22;48;2;8;10;15m▄[38;2;0;0;0;48;2;11;13;18m▄[38;2;57;63;66;48;2;1;0;7m▄[38;2;254;254;254;48;2;232;228;231m▄[38;2;217;174;144;48;2;254;241;230m▄[38;2;203;154;121;48;2;212;166;133m▄[38;2;223;187;168;48;2;215;163;128m▄[38;2;252;242;240;48;2;226;181;158m▄[38;2;248;229;225;48;2;245;220;213m▄[38;2;254;243;239;48;2;231;193;176m▄[38;2;254;253;251;48;2;226;181;156m▄[38;2;246;221;205;48;2;250;215;194m▄[38;2;236;204;179;48;2;240;204;178m▄[38;2;234;197;164;48;2;221;176;139m▄[38;2;217;164;125;48;2;201;145;105m▄[38;2;216;160;125;48;2;230;172;132m▄[38;2;242;181;144;48;2;247;174;126m▄[38;2;163;122;98;48;2;66;55;49m▄[38;2;82;60;50;48;2;15;22;30m▄[38;2;32;29;32;48;2;36;32;34m▄[38;2;117;77;64;48;2;13;19;25m▄[38;2;232;166;126;48;2;68;50;45m▄[38;2;235;162;111;48;2;121;83;62m▄[38;2;209;140;95;48;2;177;118;82m▄[38;2;211;156;112;48;2;139;82;57m▄[38;2;220;157;116;48;2;94;61;42m▄[38;2;231;137;89;48;2;59;39;36m▄[38;2;142;94;74;48;2;30;24;24m▄[38;2;0;0;2;48;2;0;5;12m▄[0m [38;2;148;163;184;49m⡇[0m
[38;2;148;163;184;49m⢸[0m [38;2;0;0;0;48;2;9;11;16m   [38;2;14;15;19;48;2;15;17;21m▄[38;2;14;15;19;48;2;0;0;0m [38;2;100;93;88;48;2;217;206;197m▄[38;2;254;202;160;48;2;254;254;254m▄[38;2;170;126;102;48;2;236;205;185m▄[38;2;182;140;113;48;2;253;222;202m▄[38;2;150;83;50;48;2;231;178;154m▄[38;2;166;105;90;48;2;225;185;172m▄[38;2;248;222;207;48;2;254;254;254m▄[38;2;254;250;242;48;2;254;254;254m▄[38;2;252;233;223;48;2;253;243;239m▄[38;2;243;207;181;48;2;247;218;200m▄[38;2;237;196;165;48;2;240;206;180m▄[38;2;234;189;158;48;2;238;201;171m▄[38;2;213;151;115;48;2;218;163;125m▄[38;2;195;124;88;48;2;207;144;105m▄[38;2;203;141;103;48;2;221;164;128m▄[38;2;198;137;103;48;2;240;185;148m▄[38;2;190;126;95;48;2;201;146;112m▄[38;2;186;118;88;48;2;141;85;67m▄[38;2;224;162;128;48;2;197;126;94m▄[38;2;218;169;132;48;2;254;209;165m▄[38;2;102;53;33;48;2;148;100;74m▄[38;2;179;109;78;48;2;117;56;24m▄[38;2;254;222;188;48;2;210;164;130m▄[38;2;232;156;128;48;2;235;179;148m▄[38;2;219;140;105;48;2;254;160;116m▄[38;2;17;25;26;48;2;140;105;86m▄[38;2;0;4;10;48;2;0;0;0m▄[0m [38;2;148;163;184;49m⡇[0m
[38;2;148;163;184;49m⢸[0m [38;2;0;0;0;48;2;9;11;16m    [38;2;9;11;16;48;2;8;10;15m▄[38;2;15;17;22;48;2;0;0;0m▄[38;2;0;0;0;48;2;25;16;16m▄[38;2;199;200;198;48;2;112;72;54m▄[38;2;247;235;218;48;2;102;63;37m▄[38;2;210;202;194;48;2;148;122;110m▄[38;2;208;200;193;48;2;210;191;185m▄[38;2;215;203;198;48;2;231;201;191m▄[38;2;219;194;179;48;2;245;215;191m▄[38;2;211;162;124;48;2;243;209;182m▄[38;2;204;149;111;48;2;231;187;154m▄[38;2;206;148;110;48;2;227;177;143m▄[38;2;216;163;126;48;2;223;172;135m▄[38;2;203;144;107;48;2;201;138;102m▄[38;2;193;129;93;48;2;189;117;79m▄[38;2;192;132;95;48;2;192;128;91m▄[38;2;198;135;102;48;2;195;134;98m▄[38;2;193;132;98;48;2;180;116;84m▄[38;2;206;145;111;48;2;192;134;102m▄[38;2;195;118;84;48;2;227;162;125m▄[38;2;220;182;148;48;2;173;109;73m▄[38;2;226;206;178;48;2;196;144;114m▄[38;2;232;160;120;48;2;238;177;141m▄[38;2;226;166;132;48;2;232;181;145m▄[38;2;176;107;90;48;2;247;160;128m▄[38;2;83;53;48;48;2;107;70;60m▄[38;2;8;15;19;48;2;0;1;7m▄[38;2;11;12;17;48;2;14;15;19m▄[0m [38;2;148;163;184;49m⡇[0m
[38;2;148;163;184;49m⢸[0m [38;2;0;0;0;48;2;9;11;16m     [38;2;9;11;16;48;2;13;15;19m▄[38;2;9;15;20;48;2;0;0;0m▄[38;2;0;0;0;48;2;104;83;86m▄[38;2;163;161;152;48;2;246;203;193m▄[38;2;242;234;213;48;2;196;157;139m▄[38;2;193;173;143;48;2;190;145;126m▄[38;2;140;98;64;48;2;189;157;139m▄[38;2;80;52;34;48;2;199;182;165m▄[38;2;191;159;129;48;2;210;168;133m▄[38;2;219;167;124;48;2;193;136;94m▄[38;2;217;171;131;48;2;209;158;117m▄[38;2;221;173;132;48;2;219;168;130m▄[38;2;210;155;117;48;2;208;154;117m▄[38;2;196;138;102;48;2;200;142;104m▄[38;2;191;133;98;48;2;203;146;108m▄[38;2;192;129;98;48;2;197;135;103m▄[38;2;196;130;100;48;2;189;127;94m▄[38;2;191;123;92;48;2;204;138;103m▄[38;2;145;85;57;48;2;137;77;44m▄[38;2;129;83;75;48;2;197;179;161m▄[38;2;140;80;72;48;2;246;216;188m▄[38;2;135;72;55;48;2;163;104;83m▄[38;2;175;113;86;48;2;133;72;62m▄[38;2;182;115;90;48;2;169;100;83m▄[38;2;74;53;44;48;2;71;51;46m▄[38;2;0;7;13;48;2;3;10;15m▄[38;2;10;11;16;48;2;11;12;17m▄[0m [38;2;148;163;184;49m⡇[0m
 [38;2;148;163;184;49m⡇[0m [38;2;0;0;0;48;2;9;11;16m    [38;2;0;0;0;48;2;11;12;17m [38;2;2;7;13;48;2;0;7;12m▄[38;2;0;0;0;48;2;7;0;0m▄[38;2;244;213;209;48;2;254;238;243m▄[38;2;252;202;198;48;2;254;248;253m▄[38;2;220;176;168;48;2;221;196;201m▄[38;2;212;179;166;48;2;193;161;170m▄[38;2;215;178;154;48;2;182;145;144m▄[38;2;239;211;186;48;2;207;168;141m▄[38;2;207;156;113;48;2;221;177;133m▄[38;2;196;143;100;48;2;216;172;132m▄[38;2;197;146;105;48;2;217;169;127m▄[38;2;192;136;95;48;2;204;149;112m▄[38;2;182;125;85;48;2;191;137;100m▄[38;2;183;121;84;48;2;187;126;88m▄[38;2;188;124;89;48;2;192;129;94m▄[38;2;181;114;83;48;2;188;122;89m▄[38;2;180;113;83;48;2;173;107;79m▄[38;2;165;98;72;48;2;182;111;83m▄[38;2;183;113;83;48;2;155;89;67m▄[38;2;199;123;92;48;2;172;104;80m▄[38;2;205;133;100;48;2;211;137;105m▄[38;2;201;129;98;48;2;195;126;94m▄[38;2;167;104;79;48;2;167;108;80m▄[38;2;84;54;47;48;2;78;51;45m▄[38;2;15;14;19;48;2;14;14;18m▄[0m [38;2;148;163;184;49m⢸[0m
 [38;2;148;163;184;49m⠘⡄[0m [38;2;0;0;0;48;2;9;11;16m    [38;2;13;16;21;48;2;12;15;20m▄[38;2;13;16;21;48;2;0;0;0m [38;2;89;77;74;48;2;66;58;51m▄[38;2;254;254;254;48;2;244;216;191m▄[38;2;243;224;213;48;2;200;162;133m▄[38;2;244;215;196;48;2;207;169;144m▄[38;2;244;210;184;48;2;234;199;173m▄[38;2;240;208;169;48;2;238;209;178m▄[38;2;200;150;104;48;2;199;144;102m▄[38;2;188;136;88;48;2;187;128;83m▄[38;2;164;116;73;48;2;184;134;89m▄[38;2;122;83;55;48;2;150;104;68m▄[38;2;113;80;54;48;2;146;98;65m▄[38;2;136;89;61;48;2;156;102;69m▄[38;2;141;88;62;48;2;163;105;72m▄[38;2;148;89;65;48;2;173;107;77m▄[38;2;147;88;65;48;2;158;93;70m▄[38;2;162;100;71;48;2;142;84;61m▄[38;2;197;132;90;48;2;176;111;79m▄[38;2;199;129;93;48;2;194;124;90m▄[38;2;191;123;88;48;2;196;125;91m▄[38;2;172;105;76;48;2;181;114;83m▄[38;2;122;73;55;48;2;145;90;67m▄[38;2;16;14;17;48;2;61;40;36m▄[0m [38;2;148;163;184;49m⢠⠃[0m
  [38;2;148;163;184;49m⠘⡄[0m [38;2;0;0;0;48;2;9;11;16m   [38;2;11;13;17;48;2;15;17;21m▄[38;2;0;3;10;48;2;0;0;0m▄[38;2;11;3;7;48;2;118;103;97m▄[38;2;203;181;159;48;2;254;254;254m▄[38;2;244;208;167;48;2;254;233;218m▄[38;2;218;178;131;48;2;247;219;194m▄[38;2;178;135;88;48;2;238;205;168m▄[38;2;119;84;54;48;2;185;153;112m▄[38;2;113;77;51;48;2;147;110;71m▄[38;2;95;67;45;48;2;145;106;70m▄[38;2;98;63;46;48;2;126;85;58m▄[38;2;91;57;42;48;2;126;82;55m▄[38;2;88;55;40;48;2;114;72;50m▄[38;2;100;64;43;48;2;114;69;49m▄[38;2;118;72;49;48;2;126;73;52m▄[38;2;132;82;55;48;2;132;80;56m▄[38;2;153;97;63;48;2;169;109;75m▄[38;2;187;123;80;48;2;184;120;80m▄[38;2;199;142;100;48;2;197;137;93m▄[38;2;203;142;104;48;2;202;137;102m▄[38;2;222;137;97;48;2;202;127;92m▄[38;2;125;75;56;48;2;185;110;78m▄[38;2;0;3;11;48;2;64;39;33m▄[0m [38;2;148;163;184;49m⢠⠃[0m
   [38;2;148;163;184;49m⠈⠢⡀[0m [38;2;0;0;0;48;2;9;11;16m  [38;2;6;10;15;48;2;7;11;16m▄[38;2;0;0;0;48;2;5;3;11m▄[38;2;29;0;0;48;2;11;0;0m▄[38;2;26;33;56;48;2;29;23;9m▄[38;2;59;88;142;48;2;62;42;20m▄[38;2;91;131;202;48;2;78;54;45m▄[38;2;90;127;193;48;2;83;55;40m▄[38;2;77;112;175;48;2;83;51;30m▄[38;2;100;141;212;48;2;76;42;23m▄[38;2;98;83;84;48;2;66;33;19m▄[38;2;81;38;10;48;2;82;49;37m▄[38;2;140;82;51;48;2;103;63;44m▄[38;2;166;103;65;48;2;128;80;52m▄[38;2;182;118;77;48;2;134;83;52m▄[38;2;189;130;86;48;2;140;85;52m▄[38;2;200;151;106;48;2;173;115;70m▄[38;2;228;177;133;48;2;205;151;108m▄[38;2;237;173;128;48;2;215;159;120m▄[38;2;138;92;67;48;2;222;147;102m▄[38;2;5;7;13;48;2;148;92;65m▄[0m [38;2;148;163;184;49m⢀⠔⠁[0m
     [38;2;148;163;184;49m⠈⠢⡀[0m [38;2;5;6;9;48;2;2;3;5m▄[38;2;46;56;75;48;2;47;51;73m▄[38;2;88;119;163;48;2;131;159;223m▄[38;2;119;155;213;48;2;143;189;254m▄[38;2;131;169;238;48;2;120;162;233m▄[38;2;92;131;201;48;2;88;125;189m▄[38;2;81;115;181;48;2;74;109;174m▄[38;2;108;146;214;48;2;77;110;174m▄[38;2;46;89;164;48;2;76;132;217m▄[38;2;181;176;186;48;2;166;158;162m▄[38;2;254;206;152;48;2;183;113;53m▄[38;2;244;201;167;48;2;192;133;90m▄[38;2;238;188;147;48;2;208;156;115m▄[38;2;231;174;132;48;2;208;154;113m▄[38;2;213;168;129;48;2;229;179;135m▄[38;2;143;117;97;48;2;247;198;153m▄[38;2;36;31;32;48;2;217;169;129m▄[38;2;0;0;3;48;2;100;73;59m▄[0m [38;2;148;163;184;49m⢀⠔⠁[0m
       [38;2;148;163;184;49m⠈⠒⠤⣀[0m  [38;2;0;0;0;48;2;55;71;100m▄[38;2;1;0;0;48;2;54;76;119m▄[38;2;7;8;12;48;2;71;98;152m▄[38;2;14;17;24;48;2;106;139;199m▄[38;2;11;18;32;48;2;44;83;153m▄[38;2;23;27;37;48;2;183;192;216m▄[38;2;29;27;28;48;2;254;218;178m▄[38;2;0;0;5;48;2;182;142;114m▄[38;2;0;0;4;48;2;126;91;67m▄[38;2;0;0;5;48;2;84;66;54m▄[0m  [38;2;148;163;184;49m⣀⠤⠒⠁[0m
           [38;2;148;163;184;49m⠉⠒⠒⠤⠤⠤⠤⠤⠤⠤⠤⠒⠒⠉[0m
