         [38;2;148;163;184;49m⢀⡠⠤⠒⠒⠒⠒⠒⠒⠒⠒⠤⢄⡀[0m
      [38;2;148;163;184;49m⣀⠔⠊⠁[0m [38;2;16;17;20;48;2;8;10;15m▄[38;2;20;20;21;48;2;9;11;16m▄[38;2;22;22;22;48;2;10;12;16m▄[38;2;22;22;22;48;2;11;13;16m▄[38;2;22;21;22;48;2;13;15;18m▄[38;2;34;38;43;48;2;12;13;16m▄[38;2;33;34;39;48;2;17;19;25m▄[38;2;27;28;33;48;2;12;14;19m▄[38;2;36;41;52;48;2;7;8;13m▄[38;2;34;41;52;48;2;4;5;10m▄[0m [38;2;148;163;184;49m⠈⠑⠢⣀[0m
    [38;2;148;163;184;49m⡠⠊[0m [38;2;12;12;15;48;2;7;10;15m▄[38;2;30;31;36;48;2;7;9;12m▄[38;2;34;34;38;48;2;18;18;21m▄[38;2;21;20;19;48;2;23;22;23m▄[38;2;20;20;20;48;2;21;20;20m▄[38;2;24;24;27;48;2;21;21;21m▄[38;2;19;18;18;48;2;26;25;28m▄[38;2;24;24;28;48;2;19;18;17m▄[38;2;46;52;64;48;2;30;32;40m▄[38;2;30;33;42;48;2;18;17;16m▄[38;2;110;128;151;48;2;16;15;18m▄[38;2;85;102;118;48;2;23;23;25m▄[38;2;8;4;4;48;2;20;19;18m▄[38;2;44;50;62;48;2;26;26;27m▄[38;2;34;40;47;48;2;23;22;25m▄[38;2;49;53;63;48;2;21;22;28m▄[38;2;33;34;42;48;2;12;15;21m▄[38;2;10;11;14;48;2;6;9;14m▄[0m [38;2;148;163;184;49m⠑⢄[0m
  [38;2;148;163;184;49m⢀⠜[0m [38;2;0;0;0;48;2;10;12;17m [38;2;0;0;0;48;2;3;5;10m [38;2;21;22;30;48;2;21;23;28m▄[38;2;90;88;90;48;2;62;63;68m▄[38;2;60;50;43;48;2;9;9;12m▄[38;2;56;49;42;48;2;1;4;6m▄[38;2;34;27;24;48;2;16;16;17m▄[38;2;51;50;53;48;2;24;26;32m▄[38;2;83;91;102;48;2;17;17;18m▄[38;2;63;68;76;48;2;52;60;72m▄[38;2;47;49;57;48;2;55;64;76m▄[38;2;49;53;64;48;2;69;79;94m▄[38;2;36;40;48;48;2;86;102;120m▄[38;2;25;24;27;48;2;76;84;100m▄[38;2;30;29;29;48;2;27;26;30m▄[38;2;27;23;27;48;2;47;54;69m▄[38;2;28;27;31;48;2;47;55;67m▄[38;2;25;24;26;48;2;33;34;39m▄[38;2;23;23;23;48;2;32;30;32m▄[38;2;25;23;25;48;2;31;31;37m▄[38;2;24;23;24;48;2;17;19;25m▄[38;2;12;13;16;48;2;7;9;14m▄[0m [38;2;148;163;184;49m⠣⡀[0m
 [38;2;148;163;184;49m⢀⠎[0m [38;2;0;0;0;48;2;9;11;16m  [38;2;8;10;15;48;2;12;14;18m▄[38;2;6;8;13;48;2;0;0;0m▄[38;2;30;29;43;48;2;75;80;88m▄[38;2;230;213;198;48;2;254;254;247m▄[38;2;111;85;63;48;2;145;130;113m▄[38;2;59;38;24;48;2;22;28;31m▄[38;2;128;110;89;48;2;15;16;23m▄[38;2;98;83;69;48;2;30;31;38m▄[38;2;76;71;65;48;2;36;26;25m▄[38;2;51;38;33;48;2;30;24;27m▄[38;2;60;44;39;48;2;29;25;26m▄[38;2;18;18;21;48;2;38;38;40m▄[38;2;27;26;30;48;2;24;24;28m▄[38;2;27;25;27;48;2;23;22;23m▄[38;2;37;41;47;48;2;23;21;22m▄[38;2;27;26;29;48;2;21;20;20m▄[38;2;25;24;26;48;2;27;26;30m▄[38;2;25;24;26;48;2;26;25;28m [38;2;26;26;28;48;2;25;24;26m▄[38;2;26;24;26;48;2;26;24;25m▄[38;2;28;26;28;48;2;24;23;25m▄[38;2;21;21;24;48;2;10;12;17m▄[0m [38;2;148;163;184;49m⠱⡀[0m
 [38;2;148;163;184;49m⡎[0m [38;2;0;0;0;48;2;9;11;16m  [38;2;10;12;17;48;2;9;11;16m▄[38;2;2;4;9;48;2;11;13;18m▄[38;2;2;4;9;48;2;0;0;0m [38;2;227;225;225;48;2;41;43;56m▄[38;2;254;196;165;48;2;254;250;241m▄[38;2;167;90;49;48;2;192;118;75m▄[38;2;187;139;120;48;2;122;70;47m▄[38;2;126;107;105;48;2;115;91;74m▄[38;2;126;123;123;48;2;173;140;104m▄[38;2;118;66;37;48;2;162;124;90m▄[38;2;135;89;59;48;2;98;75;63m▄[38;2;166;116;81;48;2;157;104;75m▄[38;2;201;133;91;48;2;65;45;36m▄[38;2;79;56;41;48;2;0;0;8m▄[38;2;0;6;13;48;2;24;23;24m▄[38;2;21;22;24;48;2;27;25;27m▄[38;2;21;22;22;48;2;23;22;24m▄[38;2;24;23;24;48;2;26;25;26m▄[38;2;20;21;23;48;2;27;25;27m▄[38;2;7;12;18;48;2;25;23;23m▄[38;2;0;8;14;48;2;27;24;24m▄[38;2;6;14;18;48;2;27;24;24m▄[38;2;17;19;20;48;2;26;25;25m▄[38;2;15;17;20;48;2;12;13;17m▄[0m [38;2;148;163;184;49m⢱[0m
[38;2;148;163;184;49m⢸[0m [38;2;0;0;0;48;2;9;11;16m  [38;2;12;13;18;48;2;8;10;15m▄[38;2;0;0;3;48;2;15;17;22m▄[38;2;0;0;6;48;2;0;0;3m▄[38;2;254;254;254;48;2;133;135;140m▄[38;2;232;192;166;48;2;254;254;254m▄[38;2;203;156;122;48;2;206;147;111m▄[38;2;232;201;183;48;2;201;138;100m▄[38;2;252;235;231;48;2;218;175;155m▄[38;2;248;225;219;48;2;243;211;198m▄[38;2;252;238;231;48;2;211;155;128m▄[38;2;254;234;219;48;2;204;157;134m▄[38;2;241;208;184;48;2;228;186;158m▄[38;2;232;191;157;48;2;199;150;111m▄[38;2;211;158;119;48;2;204;143;102m▄[38;2;236;177;140;48;2;250;179;129m▄[38;2;221;163;126;48;2;117;83;62m▄[38;2;64;50;46;48;2;4;16;27m▄[38;2;31;29;31;48;2;31;30;32m▄[38;2;56;42;41;48;2;11;17;22m▄[38;2;184;130;100;48;2;12;14;19m▄[38;2;232;159;109;48;2;47;34;30m▄[38;2;228;154;107;48;2;88;58;44m▄[38;2;207;144;100;48;2;59;34;27m▄[38;2;182;116;79;48;2;32;25;25m▄[38;2;159;98;70;48;2;4;9;15m▄[38;2;1;7;15;48;2;4;8;14m▄[0m [38;2;148;163;184;49m⡇[0m
[38;2;148;163;184;49m⢸[0m [38;2;0;0;0;48;2;9;11;16m  [38;2;14;15;20;48;2;16;18;23m▄[38;2;14;15;20;48;2;0;0;0m [38;2;75;72;72;48;2;137;133;130m▄[38;2;254;208;169;48;2;254;254;254m▄[38;2;181;137;114;48;2;232;199;176m▄[38;2;186;142;112;48;2;244;206;183m▄[38;2;147;75;46;48;2;229;182;164m▄[38;2;208;162;148;48;2;247;231;227m▄[38;2;254;253;242;48;2;254;254;254m▄[38;2;254;243;236;48;2;254;254;254m▄[38;2;246;213;191;48;2;249;223;209m▄[38;2;238;198;167;48;2;240;207;182m▄[38;2;235;190;158;48;2;238;200;169m▄[38;2;207;143;106;48;2;214;158;119m▄[38;2;197;129;90;48;2;212;152;114m▄[38;2;205;145;109;48;2;234;179;145m▄[38;2;201;139;106;48;2;218;163;127m▄[38;2;186;117;88;48;2;125;81;66m▄[38;2;218;153;119;48;2;169;103;78m▄[38;2;222;173;136;48;2;254;207;162m▄[38;2;102;53;33;48;2;163;110;77m▄[38;2;191;128;94;48;2;132;72;40m▄[38;2;249;213;183;48;2;229;190;155m▄[38;2;245;148;113;48;2;252;165;125m▄[38;2;118;89;73;48;2;239;159;118m▄[38;2;0;0;2;48;2;0;3;12m▄[0m [38;2;148;163;184;49m⡇[0m
[38;2;148;163;184;49m⢸[0m [38;2;0;0;0;48;2;9;11;16m   [38;2;9;11;16;48;2;10;12;17m▄[38;2;15;17;21;48;2;0;0;0m▄[38;2;0;0;0;48;2;13;7;9m▄[38;2;210;206;204;48;2;115;79;59m▄[38;2;254;238;225;48;2;112;78;53m▄[38;2;207;194;188;48;2;169;150;141m▄[38;2;207;192;184;48;2;221;200;194m▄[38;2;221;207;201;48;2;238;208;189m▄[38;2;216;175;142;48;2;243;210;182m▄[38;2;198;141;102;48;2;232;188;156m▄[38;2;204;147;108;48;2;226;174;140m▄[38;2;215;162;125;48;2;221;170;132m▄[38;2;202;142;106;48;2;197;131;94m▄[38;2;193;131;94;48;2;188;117;80m▄[38;2;198;138;103;48;2;194;132;97m▄[38;2;193;130;98;48;2;187;122;89m▄[38;2;204;144;110;48;2;184;125;94m▄[38;2;188;112;78;48;2;224;159;124m▄[38;2;218;186;154;48;2;181;117;80m▄[38;2;241;221;191;48;2;198;146;115m▄[38;2;227;157;119;48;2;239;180;142m▄[38;2;193;130;107;48;2;249;187;150m▄[38;2;140;81;71;48;2;204;126;102m▄[38;2;23;22;25;48;2;12;13;17m▄[38;2;8;11;16;48;2;3;9;14m▄[0m [38;2;148;163;184;49m⡇[0m
[38;2;148;163;184;49m⢸[0m [38;2;0;0;0;48;2;9;11;16m    [38;2;10;12;17;48;2;12;13;18m▄[38;2;2;8;14;48;2;0;0;1m▄[38;2;0;0;0;48;2;56;34;40m▄[38;2;226;227;224;48;2;221;187;172m▄[38;2;242;239;227;48;2;197;160;135m▄[38;2;186;159;142;48;2;182;139;111m▄[38;2;109;72;64;48;2;152;125;100m▄[38;2;156;125;107;48;2;188;161;133m▄[38;2;227;181;137;48;2;205;149;107m▄[38;2;218;174;134;48;2;209;159;118m▄[38;2;221;173;132;48;2;220;170;132m▄[38;2;206;150;113;48;2;207;152;115m▄[38;2;189;132;97;48;2;200;143;104m▄[38;2;189;127;92;48;2;200;142;107m▄[38;2;194;129;98;48;2;191;128;98m▄[38;2;186;119;90;48;2;203;137;103m▄[38;2;170;103;74;48;2;143;82;49m▄[38;2;130;73;60;48;2;165;139;125m▄[38;2;137;74;62;48;2;209;167;146m▄[38;2;179;111;84;48;2;128;70;55m▄[38;2;190;125;93;48;2;153;88;72m▄[38;2;144;93;72;48;2;148;94;78m▄[38;2;18;17;19;48;2;10;15;18m▄[38;2;4;9;14;48;2;7;11;16m▄[0m [38;2;148;163;184;49m⡇[0m
 [38;2;148;163;184;49m⢇[0m [38;2;0;0;0;48;2;9;11;16m   [38;2;10;11;16;48;2;12;14;19m▄[38;2;8;12;17;48;2;0;0;3m▄[38;2;0;0;0;48;2;38;27;30m▄[38;2;152;131;120;48;2;254;254;254m▄[38;2;234;189;163;48;2;245;207;212m▄[38;2;194;154;127;48;2;223;190;196m▄[38;2;213;175;149;48;2;214;180;174m▄[38;2;242;215;188;48;2;226;191;169m▄[38;2;209;161;121;48;2;218;176;136m▄[38;2;186;125;80;48;2;206;157;113m▄[38;2;186;135;92;48;2;207;157;116m▄[38;2;162;112;73;48;2;198;142;103m▄[38;2;160;105;71;48;2;187;130;90m▄[38;2;169;110;76;48;2;191;128;90m▄[38;2;176;111;79;48;2;188;123;90m▄[38;2;173;106;79;48;2;178;111;82m▄[38;2;149;88;64;48;2;176;105;78m▄[38;2;172;107;77;48;2;178;107;78m▄[38;2;196;124;91;48;2;199;124;93m▄[38;2;198;127;93;48;2;213;139;106m▄[38;2;186;117;85;48;2;199;127;95m▄[38;2;118;73;58;48;2;133;84;66m▄[38;2;18;16;20;48;2;33;24;26m▄[0m [38;2;148;163;184;49m⡸[0m
 [38;2;148;163;184;49m⠈⢆[0m [38;2;0;0;0;48;2;9;11;16m   [38;2;14;17;22;48;2;13;17;22m▄[38;2;14;17;22;48;2;0;0;0m [38;2;178;160;150;48;2;125;117;112m▄[38;2;178;160;150;48;2;254;254;254m [38;2;254;230;212;48;2;231;205;188m▄[38;2;249;217;186;48;2;242;209;186m▄[38;2;212;180;140;48;2;246;215;182m▄[38;2;155;119;79;48;2;211;164;119m▄[38;2;149;109;72;48;2;190;135;86m▄[38;2;128;88;59;48;2;167;119;75m▄[38;2;123;79;54;48;2;118;81;54m▄[38;2;110;71;49;48;2;123;85;57m▄[38;2;121;72;51;48;2;142;92;63m▄[38;2;127;75;53;48;2;150;92;66m▄[38;2;155;98;69;48;2;148;88;65m▄[38;2;183;118;79;48;2;149;89;65m▄[38;2;197;136;92;48;2;190;126;88m▄[38;2;202;136;100;48;2;200;130;93m▄[38;2;210;130;93;48;2;188;120;85m▄[38;2;147;86;64;48;2;167;102;73m▄[38;2;13;12;16;48;2;69;43;36m▄[0m [38;2;148;163;184;49m⡰⠁[0m
  [38;2;148;163;184;49m⠈⢢[0m [38;2;0;0;0;48;2;9;11;16m  [38;2;9;11;16;48;2;12;14;18m▄[38;2;6;12;17;48;2;0;0;2m▄[38;2;2;0;0;48;2;41;29;31m▄[38;2;0;0;0;48;2;219;194;167m▄[38;2;17;10;0;48;2;223;186;142m▄[38;2;64;53;56;48;2;190;145;94m▄[38;2;82;69;74;48;2;128;88;48m▄[38;2;81;62;58;48;2;107;69;38m▄[38;2;79;57;54;48;2;93;60;33m▄[38;2;61;31;20;48;2;93;60;43m▄[38;2;79;45;32;48;2;90;56;42m▄[38;2;117;72;47;48;2;89;56;40m▄[38;2;140;86;54;48;2;108;68;45m▄[38;2;143;88;53;48;2;124;75;51m▄[38;2;164;107;64;48;2;145;89;58m▄[38;2;205;152;107;48;2;182;119;77m▄[38;2;232;172;130;48;2;199;142;102m▄[38;2;207;137;95;48;2;215;148;108m▄[38;2;72;46;37;48;2;205;125;88m▄[38;2;0;0;9;48;2;53;33;29m▄[0m [38;2;148;163;184;49m⡔⠁[0m
    [38;2;148;163;184;49m⠑⢄[0m [38;2;9;11;16;48;2;10;12;17m▄[38;2;4;4;6;48;2;2;6;10m▄[38;2;72;86;121;48;2;15;5;8m▄[38;2;145;192;254;48;2;69;60;84m▄[38;2;147;192;254;48;2;74;106;163m▄[38;2;112;151;221;48;2;90;133;208m▄[38;2;74;108;172;48;2;89;133;208m▄[38;2;88;120;183;48;2;75;116;188m▄[38;2;62;111;192;48;2;95;151;237m▄[38;2;180;164;162;48;2;122;108;109m▄[38;2;230;159;98;48;2;111;55;12m▄[38;2;229;181;141;48;2;166;103;64m▄[38;2;234;180;137;48;2;184;122;80m▄[38;2;240;184;139;48;2;199;139;98m▄[38;2;232;188;147;48;2;216;166;120m▄[38;2;144;115;93;48;2;243;191;143m▄[38;2;22;19;21;48;2;201;148;110m▄[38;2;0;0;6;48;2;59;41;34m▄[0m [38;2;148;163;184;49m⡠⠊[0m
      [38;2;148;163;184;49m⠉⠢⢄⡀[0m [38;2;0;0;0;48;2;73;92;127m▄[38;2;5;6;9;48;2;85;115;171m▄[38;2;14;19;30;48;2;72;103;165m▄[38;2;34;44;62;48;2;115;153;222m▄[38;2;19;36;63;48;2;51;95;173m▄[38;2;66;72;83;48;2;206;205;217m▄[38;2;75;66;57;48;2;254;231;184m▄[38;2;21;15;14;48;2;213;170;137m▄[38;2;0;2;8;48;2;169;127;97m▄[38;2;0;0;4;48;2;120;94;76m▄[0m [38;2;148;163;184;49m⢀⡠⠔⠉[0m
         [38;2;148;163;184;49m⠈⠑⠒⠤⠤⠤⠤⠤⠤⠤⠤⠒⠊⠁[0m
