         [38;2;148;163;184;49m⢀⡠⠤⠒⠒⠒⠒⠒⠒⠒⠒⠤⢄⡀[0m
      [38;2;148;163;184;49m⣀⠔⠊⠁[0m [38;2;18;18;20;48;2;9;11;16m🬭[38;2;9;11;16;48;2;19;19;20m🬆[38;2;22;22;23;48;2;12;13;17m🬭[38;2;10;12;16;48;2;20;20;21m🬂[38;2;11;13;18;48;2;21;21;22m🬂[38;2;36;40;47;48;2;14;15;18m🬭[38;2;33;35;43;48;2;15;17;21m🬚[38;2;10;12;16;48;2;24;27;32m🬂[38;2;39;45;56;48;2;11;13;18m🬭[38;2;40;47;58;48;2;8;10;15m🬭[0m [38;2;148;163;184;49m⠈⠑⠢⣀[0m
    [38;2;148;163;184;49m⡠⠊[0m [38;2;20;18;20;48;2;9;11;16m🬞[38;2;41;43;49;48;2;14;15;18m🬞[38;2;37;38;44;48;2;20;20;22m🬏[38;2;23;22;24;48;2;19;19;19m🬄[38;2;21;20;21;48;2;20;20;20m🬟[38;2;25;25;29;48;2;21;20;20m🬭[38;2;24;24;27;48;2;21;21;22m🬆[38;2;30;32;40;48;2;20;20;20m🬭[38;2;27;29;34;48;2;46;52;63m🬆[38;2;59;68;81;48;2;21;22;25m🬏[38;2;122;143;166;48;2;27;28;34m🬭[38;2;127;150;180;48;2;34;38;41m🬏[38;2;27;27;33;48;2;18;17;17m🬠[38;2;50;57;71;48;2;23;23;24m🬭[38;2;45;52;64;48;2;24;25;29m🬏[38;2;46;50;60;48;2;21;23;30m🬱[38;2;32;33;40;48;2;12;14;20m🬱[38;2;14;14;16;48;2;9;10;15m🬏[0m [38;2;148;163;184;49m⠑⢄[0m
  [38;2;148;163;184;49m⢀⠜[0m [38;2;0;0;0;48;2;9;11;16m [38;2;10;12;17;48;2;9;11;16m🬦[38;2;42;42;47;48;2;1;3;8m▐[38;2;109;108;106;48;2;54;55;60m🬢[38;2;61;48;40;48;2;20;18;20m🬭[38;2;66;58;49;48;2;13;14;15m🬭[38;2;51;41;37;48;2;22;21;21m🬏[38;2;25;25;31;48;2;50;48;52m🬆[38;2;89;98;111;48;2;24;25;28m🬭[38;2;71;81;95;48;2;50;54;63m🬋[38;2;56;64;75;48;2;43;45;51m🬍[38;2;41;43;52;48;2;67;76;90m🬭[38;2;98;113;135;48;2;47;52;62m🬁[38;2;70;78;93;48;2;35;35;41m🬂[38;2;45;46;51;48;2;28;28;31m🬃[38;2;47;53;66;48;2;30;28;34m🬂[38;2;43;50;61;48;2;28;28;32m🬆[38;2;33;33;38;48;2;26;26;28m🬂[38;2;32;32;35;48;2;25;24;26m🬄[38;2;32;34;41;48;2;25;24;26m🬉[38;2;15;16;18;48;2;22;23;26m▐[38;2;16;16;19;48;2;9;11;16m🬏[0m [38;2;148;163;184;49m⠣⡀[0m
 [38;2;148;163;184;49m⢀⠎[0m [38;2;0;0;0;48;2;9;11;16m   [38;2;0;2;6;48;2;8;9;14m🬇[38;2;145;154;159;48;2;41;38;46m🬁[38;2;157;152;146;48;2;250;235;215m🬏[38;2;203;178;156;48;2;102;84;66m🬀[38;2;103;68;48;48;2;40;39;40m🬭[38;2;159;134;104;48;2;30;29;31m🬭[38;2;96;82;66;48;2;38;36;38m🬭[38;2;96;86;74;48;2;40;32;30m🬭[38;2;75;53;45;48;2;40;34;35m🬞[38;2;28;24;26;48;2;54;42;39m🬄[38;2;37;39;43;48;2;26;23;24m🬂[38;2;32;32;38;48;2;27;25;29m🬃[38;2;28;27;30;48;2;24;23;25m🬇[38;2;22;21;22;48;2;36;40;46m🬆[38;2;25;24;26;48;2;21;21;21m🬱[38;2;24;23;25;48;2;27;26;30m🬭[38;2;27;25;28;48;2;24;23;25m🬌[38;2;24;23;25;48;2;26;25;28m🬂[38;2;28;25;27;48;2;24;23;25m🬄[38;2;21;21;23;48;2;26;25;27m🬂[38;2;20;21;24;48;2;10;12;16m🬱[0m [38;2;148;163;184;49m⠱⡀[0m
 [38;2;148;163;184;49m⡎[0m [38;2;0;0;0;48;2;9;11;16m   [38;2;3;6;11;48;2;9;11;16m🬭[38;2;10;12;17;48;2;0;0;1m🬆[38;2;35;31;40;48;2;231;229;229m🬆[38;2;247;240;235;48;2;221;165;136m🬆[38;2;164;95;59;48;2;194;126;87m▐[38;2;116;68;47;48;2;183;140;122m🬂[38;2;65;45;38;48;2;172;143;126m🬌[38;2;201;183;164;48;2;131;111;94m🬐[38;2;108;68;48;48;2;154;114;83m🬭[38;2;142;96;64;48;2;98;74;61m🬱[38;2;184;127;91;48;2;137;94;68m🬦[38;2;189;128;88;48;2;62;43;35m🬱[38;2;153;101;69;48;2;27;25;23m🬏[38;2;12;16;20;48;2;23;22;23m🬭[38;2;21;21;21;48;2;26;25;27m🬋[38;2;24;24;26;48;2;21;22;22m🬂[38;2;30;28;31;48;2;23;22;23m🬁[38;2;23;22;23;48;2;26;25;27m▐[38;2;19;21;22;48;2;23;22;23m🬞[38;2;13;17;20;48;2;23;22;23m🬭[38;2;16;19;21;48;2;23;22;23m🬭[38;2;26;25;27;48;2;21;20;21m🬀[38;2;21;19;21;48;2;12;13;17m🬓[0m [38;2;148;163;184;49m⢱[0m
[38;2;148;163;184;49m⢸[0m [38;2;0;0;0;48;2;9;11;16m   [38;2;12;14;19;48;2;8;10;15m🬞[38;2;40;35;45;48;2;9;10;12m🬂[38;2;31;29;30;48;2;225;221;221m🬀[38;2;252;249;249;48;2;230;195;176m🬀[38;2;208;149;115;48;2;216;170;139m🬁[38;2;230;200;181;48;2;209;154;122m🬭[38;2;218;176;155;48;2;243;222;215m🬆[38;2;224;188;173;48;2;245;221;213m🬂[38;2;251;243;238;48;2;212;164;140m🬭[38;2;205;153;127;48;2;245;219;203m🬂[38;2;219;177;149;48;2;235;200;175m🬂[38;2;199;148;110;48;2;226;184;151m🬂[38;2;196;137;98;48;2;212;157;118m🬂[38;2;224;161;116;48;2;222;166;130m🬂[38;2;49;39;34;48;2;194;139;105m🬁[38;2;76;55;49;48;2;29;32;38m🬭[38;2;72;58;49;48;2;34;31;34m🬏[38;2;112;75;62;48;2;28;26;29m🬞[38;2;205;147;111;48;2;44;34;33m🬭[38;2;36;28;26;48;2;190;130;92m🬂[38;2;67;43;34;48;2;208;143;101m🬂[38;2;216;158;112;48;2;79;48;35m🬭[38;2;167;108;77;48;2;45;32;32m🬱[38;2;188;119;84;48;2;34;26;25m🬭[38;2;0;3;11;48;2;8;10;15m🬓[0m [38;2;148;163;184;49m⡇[0m
[38;2;148;163;184;49m⢸[0m [38;2;0;0;0;48;2;9;11;16m   [38;2;0;1;7;48;2;9;11;16m🬇[38;2;240;236;232;48;2;29;29;30m🬉[38;2;214;155;118;48;2;247;227;209m🬞[38;2;242;215;196;48;2;176;132;107m🬌[38;2;169;122;93;48;2;235;201;180m🬭[38;2;227;183;164;48;2;152;87;63m🬆[38;2;209;168;153;48;2;249;235;229m🬱[38;2;253;236;223;48;2;253;249;249m🬭[38;2;254;250;250;48;2;252;237;229m🬄[38;2;243;207;183;48;2;248;223;207m🬦[38;2;235;195;164;48;2;239;205;179m🬭[38;2;238;200;171;48;2;231;185;152m🬄[38;2;202;136;99;48;2;216;160;123m🬦[38;2;200;133;96;48;2;214;154;118m🬱[38;2;199;138;102;48;2;222;166;131m🬭[38;2;216;162;127;48;2;192;132;99m🬌[38;2;119;80;65;48;2;183;118;89m🬂[38;2;138;82;65;48;2;204;139;107m🬀[38;2;254;227;184;48;2;218;167;129m🬇[38;2;188;128;92;48;2;91;44;27m🬣[38;2;137;77;48;48;2;192;126;89m🬅[38;2;201;152;119;48;2;246;215;181m🬄[38;2;235;158;124;48;2;198;106;76m🬣[38;2;26;18;19;48;2;207;153;119m🬞[38;2;0;0;5;48;2;10;12;16m🬄[0m [38;2;148;163;184;49m⡇[0m
[38;2;148;163;184;49m⢸[0m [38;2;0;0;0;48;2;9;11;16m    [38;2;1;1;2;48;2;9;11;16m🬁[38;2;70;45;34;48;2;6;8;11m🬁[38;2;232;228;221;48;2;125;102;92m🬦[38;2;122;94;75;48;2;221;204;192m🬆[38;2;155;127;114;48;2;205;192;184m🬀[38;2;204;190;179;48;2;222;198;190m🬱[38;2;246;220;199;48;2;218;198;187m🬁[38;2;243;212;188;48;2;214;173;141m🬂[38;2;231;188;157;48;2;204;151;114m🬆[38;2;228;178;146;48;2;207;151;113m🬂[38;2;222;172;135;48;2;214;160;123m🬄[38;2;193;127;90;48;2;204;146;108m🬉[38;2;194;133;97;48;2;192;124;87m🬭[38;2;191;129;94;48;2;198;137;101m🬄[38;2;186;122;90;48;2;194;131;98m🬠[38;2;180;117;86;48;2;198;138;105m🬀[38;2;188;117;84;48;2;208;145;111m🬭[38;2;144;89;62;48;2;215;167;132m🬁[38;2;156;107;81;48;2;227;193;163m🬀[38;2;194;115;81;48;2;231;170;133m🬃[38;2;149;89;73;48;2;224;166;135m🬞[38;2;201;130;105;48;2;145;85;73m🬆[38;2;14;18;20;48;2;35;26;26m▐[38;2;9;11;16;48;2;17;17;20m▐[0m [38;2;148;163;184;49m⡇[0m
[38;2;148;163;184;49m⢸[0m [38;2;0;0;0;48;2;9;11;16m     [38;2;0;4;9;48;2;8;11;16m🬁[38;2;141;107;106;48;2;8;4;7m🬁[38;2;254;254;252;48;2;189;164;155m🬦[38;2;185;142;122;48;2;211;195;179m🬂[38;2;206;189;169;48;2;178;137;117m🬓[38;2;121;82;61;48;2;169;141;127m🬚[38;2;124;93;83;48;2;206;175;147m🬓[38;2;216;169;128;48;2;199;147;106m🬱[38;2;206;155;115;48;2;217;170;130m🬀[38;2;219;172;131;48;2;217;167;127m🬏[38;2;202;145;108;48;2;208;153;116m▐[38;2;182;125;90;48;2;197;140;103m🬞[38;2;190;127;91;48;2;198;139;104m🬭[38;2;194;131;99;48;2;190;125;93m🬈[38;2;195;130;98;48;2;184;117;87m🬆[38;2;154;98;66;48;2;178;112;81m🬉[38;2;243;226;217;48;2;126;77;61m🬁[38;2;246;212;175;48;2;152;96;78m🬀[38;2;142;81;66;48;2;185;118;91m🬆[38;2;129;71;58;48;2;169;107;82m🬀[38;2;119;77;63;48;2;172;110;89m▐[38;2;38;27;26;48;2;18;18;20m🬏[38;2;14;15;19;48;2;9;11;16m🬀[0m [38;2;148;163;184;49m⡇[0m
 [38;2;148;163;184;49m⢇[0m [38;2;0;0;0;48;2;9;11;16m    [38;2;11;13;18;48;2;9;11;16m🬉[38;2;81;55;56;48;2;5;4;7m🬁[38;2;63;54;49;48;2;241;222;216m🬏[38;2;244;219;224;48;2;214;171;152m🬂[38;2;232;204;212;48;2;205;168;146m🬂[38;2;197;160;135;48;2;222;189;175m🬋[38;2;214;177;151;48;2;233;202;176m🬂[38;2;200;144;99;48;2;226;191;156m▐[38;2;211;165;123;48;2;191;136;93m🬂[38;2;207;157;115;48;2;185;134;92m🬂[38;2;160;111;73;48;2;192;138;98m🬭[38;2;187;130;90;48;2;161;106;72m🬆[38;2;164;107;74;48;2;187;124;88m🬭[38;2;185;121;88;48;2;173;109;78m🬆[38;2;182;114;84;48;2;170;104;77m🬌[38;2;173;103;77;48;2;153;91;66m🬆[38;2;167;102;74;48;2;180;111;82m🬓[38;2;205;130;99;48;2;191;119;88m🬁[38;2;192;124;90;48;2;201;130;98m🬞[38;2;196;125;94;48;2;176;111;81m🬄[38;2;94;60;49;48;2;148;93;70m▐[38;2;18;17;20;48;2;50;34;32m▐[0m [38;2;148;163;184;49m⡸[0m
 [38;2;148;163;184;49m⠈⢆[0m [38;2;0;0;0;48;2;9;11;16m   [38;2;10;11;16;48;2;9;11;16m🬁[38;2;0;0;3;48;2;10;11;16m🬦[38;2;243;240;234;48;2;36;24;21m▐[38;2;243;221;205;48;2;254;245;236m🬠[38;2;251;230;216;48;2;237;208;186m🬚[38;2;244;214;191;48;2;234;200;171m🬋[38;2;180;146;109;48;2;232;199;163m🬞[38;2;215;178;135;48;2;167;125;84m🬄[38;2;142;103;68;48;2;183;133;89m🬭[38;2;164;115;73;48;2;127;86;58m🬆[38;2;119;79;54;48;2;131;88;59m▐[38;2;129;88;59;48;2;114;74;51m🬂[38;2;119;71;49;48;2;140;89;61m🬭[38;2;153;95;68;48;2;131;78;55m🬂[38;2;166;105;73;48;2;148;89;64m🬦[38;2;148;89;65;48;2;176;113;77m🬂[38;2;180;117;81;48;2;196;133;91m🬀[38;2;202;135;99;48;2;195;126;91m🬭[38;2;179;111;80;48;2;195;124;88m🬉[38;2;98;59;46;48;2;161;98;71m🬞[38;2;90;55;43;48;2;28;21;22m🬄[0m [38;2;148;163;184;49m⡰⠁[0m
  [38;2;148;163;184;49m⠈⢢[0m [38;2;0;0;0;48;2;9;11;16m   [38;2;6;11;16;48;2;9;11;16m🬉[38;2;107;94;85;48;2;12;8;12m🬁[38;2;241;217;187;48;2;43;33;29m🬂[38;2;25;20;14;48;2;188;157;121m🬭[38;2;197;160;116;48;2;85;67;60m🬂[38;2;162;124;85;48;2;95;74;64m🬀[38;2;75;61;64;48;2;111;74;48m🬭[38;2;82;49;26;48;2;92;66;56m🬋[38;2;64;34;24;48;2;93;60;43m🬭[38;2;94;57;41;48;2;85;51;37m🬧[38;2;136;85;55;48;2;100;62;42m🬞[38;2;145;91;58;48;2;114;71;48m🬭[38;2;152;97;60;48;2;128;79;52m🬭[38;2;185;127;80;48;2;153;97;62m🬞[38;2;180;118;77;48;2;203;149;106m🬆[38;2;218;162;121;48;2;201;142;101m🬭[38;2;166;109;75;48;2;204;139;100m🬞[38;2;191;118;83;48;2;77;50;40m🬆[38;2;109;66;50;48;2;14;13;17m🬀[0m [38;2;148;163;184;49m⡔⠁[0m
    [38;2;148;163;184;49m⠑⢄[0m [38;2;9;11;17;48;2;9;11;16m🬞[38;2;13;14;21;48;2;8;9;14m🬞[38;2;13;10;16;48;2;76;91;126m🬆[38;2;53;43;61;48;2;123;159;219m🬂[38;2;78;100;148;48;2;123;162;229m🬂[38;2;94;130;196;48;2;106;146;214m🬧[38;2;96;138;211;48;2;75;108;170m🬂[38;2;88;129;203;48;2;79;112;175m🬂[38;2;67;104;167;48;2;96;143;216m🬢[38;2;234;186;139;48;2;115;114;133m🬦[38;2;206;150;108;48;2;129;80;47m🬭[38;2;167;106;66;48;2;216;169;129m🬆[38;2;177;116;77;48;2;213;161;121m🬂[38;2;198;140;98;48;2;222;170;128m🬆[38;2;224;179;136;48;2;200;153;113m🬚[38;2;123;99;81;48;2;216;169;127m🬭[38;2;188;138;104;48;2;40;31;29m🬆[38;2;120;83;62;48;2;16;14;18m🬀[0m [38;2;148;163;184;49m⡠⠊[0m
      [38;2;148;163;184;49m⠉⠢⢄⡀[0m [38;2;85;110;154;48;2;9;11;17m🬂[38;2;93;127;188;48;2;19;26;40m🬂[38;2;19;27;44;48;2;69;98;155m🬱[38;2;26;35;50;48;2;96;131;193m🬭[38;2;23;33;52;48;2;60;91;148m🬭[38;2;49;52;61;48;2;181;188;200m🬭[38;2;53;47;44;48;2;219;183;153m🬭[38;2;201;159;127;48;2;43;33;28m🬆[38;2;191;144;109;48;2;33;26;25m🬂[38;2;147;113;89;48;2;10;12;16m🬂[0m [38;2;148;163;184;49m⢀⡠⠔⠉[0m
         [38;2;148;163;184;49m⠈⠑⠒⠤⠤⠤⠤⠤⠤⠤⠤⠒⠊⠁[0m
