           [38;2;148;163;184;49m⣀⠤⠤⠒⠒⠒⠒⠒⠒⠒⠒⠤⠤⣀[0m
       [38;2;148;163;184;49m⢀⠤⠒⠉[0m  [38;2;15;17;19;48;2;8;10;15m🬭[38;2;19;19;21;48;2;9;11;16m🬭[38;2;18;18;18;48;2;10;12;17m🬭[38;2;10;12;16;48;2;19;19;20m🬆[38;2;9;11;15;48;2;21;21;23m🬂[38;2;22;24;26;48;2;12;13;17m🬭[38;2;38;40;48;48;2;13;15;19m🬭[38;2;8;10;15;48;2;22;23;28m🬂[38;2;30;36;45;48;2;8;10;15m🬭[38;2;20;23;31;48;2;8;10;14m🬭[0m  [38;2;148;163;184;49m⠉⠒⠤⡀[0m
     [38;2;148;163;184;49m⢀⠔⠁[0m [38;2;15;15;17;48;2;9;11;16m🬭[38;2;12;13;17;48;2;22;21;23m🬆[38;2;24;23;24;48;2;18;19;21m🬚[38;2;19;19;19;48;2;20;20;21m🬓[38;2;19;19;19;48;2;21;21;21m🬢[38;2;23;22;24;48;2;21;21;21m🬠[38;2;27;26;30;48;2;22;21;23m🬄[38;2;20;19;20;48;2;22;22;23m🬩[38;2;55;62;76;48;2;26;27;32m🬞[38;2;16;15;14;48;2;34;37;44m🬩[38;2;30;31;37;48;2;20;19;22m🬈[38;2;58;68;77;48;2;25;26;30m🬭[38;2;35;38;47;48;2;16;15;14m🬂[38;2;44;51;62;48;2;19;19;20m🬂[38;2;50;57;69;48;2;20;19;20m🬂[38;2;28;31;38;48;2;19;19;22m🬟[38;2;34;36;44;48;2;15;17;22m🬭[38;2;34;39;48;48;2;11;13;18m🬏[0m [38;2;148;163;184;49m⠈⠢⡀[0m
   [38;2;148;163;184;49m⢀⠔⠁[0m [38;2;7;10;15;48;2;9;11;16m🬉[38;2;29;29;32;48;2;8;10;15m▐[38;2;62;65;70;48;2;35;35;38m🬚[38;2;25;24;25;48;2;40;39;43m▐[38;2;12;14;14;48;2;21;20;20m🬭[38;2;13;15;15;48;2;20;20;20m🬏[38;2;26;25;30;48;2;21;19;20m🬉[38;2;19;19;20;48;2;29;31;39m▐[38;2;32;35;42;48;2;19;18;19m🬞[38;2;58;67;79;48;2;35;38;47m🬱[38;2;58;67;80;48;2;45;51;61m🬞[38;2;33;38;47;48;2;67;76;90m🬁[38;2;136;158;182;48;2;57;66;78m🬉[38;2;117;137;165;48;2;65;72;86m🬆[38;2;47;49;55;48;2;25;25;27m🬱[38;2;51;58;73;48;2;27;28;35m🬉[38;2;40;45;56;48;2;49;57;71m🬭[38;2;50;61;72;48;2;35;39;47m🬃[38;2;59;65;77;48;2;34;35;40m🬀[38;2;39;39;47;48;2;28;27;29m🬄[38;2;33;34;39;48;2;18;18;20m🬩[38;2;31;34;40;48;2;13;15;19m🬏[0m [38;2;148;163;184;49m⠈⠢⡀[0m
  [38;2;148;163;184;49m⢠⠃[0m [38;2;0;0;0;48;2;9;11;16m  [38;2;10;12;17;48;2;9;11;16m🬁[38;2;57;53;60;48;2;4;6;11m🬉[38;2;9;7;12;48;2;100;105;111m🬓[38;2;46;38;34;48;2;218;207;192m🬂[38;2;195;173;154;48;2;66;59;50m🬱[38;2;89;80;69;48;2;44;39;36m🬓[38;2;66;59;57;48;2;35;34;35m🬇[38;2;94;107;121;48;2;40;37;39m🬁[38;2;79;86;97;48;2;42;40;44m🬆[38;2;65;70;82;48;2;42;32;30m🬂[38;2;29;27;31;48;2;50;49;55m🬦[38;2;50;55;66;48;2;34;29;32m🬂[38;2;39;37;40;48;2;45;50;60m🬱[38;2;33;35;41;48;2;27;27;31m🬀[38;2;37;36;39;48;2;25;25;27m🬁[38;2;23;21;23;48;2;27;25;28m🬩[38;2;32;30;37;48;2;22;21;22m🬂[38;2;28;28;33;48;2;22;22;23m🬂[38;2;24;24;26;48;2;27;27;31m🬌[38;2;22;21;22;48;2;26;25;27m🬉[38;2;22;22;23;48;2;25;23;26m🬌[38;2;21;21;21;48;2;26;23;26m🬉[38;2;24;23;25;48;2;18;18;20m🬭[38;2;21;21;24;48;2;10;12;17m🬏[0m [38;2;148;163;184;49m⠘⡄[0m
 [38;2;148;163;184;49m⢠⠃[0m [38;2;0;0;0;48;2;9;11;16m   [38;2;10;12;17;48;2;9;11;16m🬞[38;2;12;14;19;48;2;3;6;11m🬧[38;2;11;5;19;48;2;51;46;55m🬞[38;2;108;105;101;48;2;235;233;227m🬄[38;2;93;70;50;48;2;203;156;124m🬉[38;2;44;39;35;48;2;121;70;45m🬂[38;2;224;185;141;48;2;85;62;48m🬇[38;2;48;44;42;48;2;181;149;117m🬂[38;2;81;73;63;48;2;156;125;94m🬆[38;2;136;111;90;48;2;53;47;43m🬱[38;2;51;37;33;48;2;93;68;59m🬆[38;2;132;87;64;48;2;56;42;37m🬭[38;2;100;69;52;48;2;30;25;25m🬏[38;2;16;17;19;48;2;27;26;30m🬭[38;2;27;25;28;48;2;24;23;24m🬄[38;2;37;38;44;48;2;26;25;28m🬇[38;2;39;43;50;48;2;28;27;31m🬄[38;2;21;20;21;48;2;25;24;27m🬟[38;2;29;27;31;48;2;25;24;26m🬠[38;2;26;25;28;48;2;24;22;24m🬂[38;2;23;22;23;48;2;26;25;28m🬭[38;2;23;22;23;48;2;27;24;27m🬱[38;2;28;26;29;48;2;24;22;25m🬁[38;2;27;26;29;48;2;22;22;23m🬧[38;2;21;21;23;48;2;12;13;18m🬓[0m [38;2;148;163;184;49m⠘⡄[0m
 [38;2;148;163;184;49m⡇[0m [38;2;0;0;0;48;2;9;11;16m  [38;2;10;12;17;48;2;9;11;16m🬞[38;2;25;24;31;48;2;7;9;14m🬞[38;2;32;28;38;48;2;6;9;14m🬏[38;2;135;134;133;48;2;2;4;7m🬞[38;2;36;36;35;48;2;222;216;214m🬀[38;2;253;249;247;48;2;226;175;149m🬀[38;2;183;111;75;48;2;199;137;101m🬍[38;2;160;95;63;48;2;189;139;114m🬄[38;2;93;60;47;48;2;189;150;135m🬁[38;2;77;68;66;48;2;210;187;176m🬆[38;2;182;156;145;48;2;134;97;76m🬓[38;2;107;68;46;48;2;170;119;86m🬋[38;2;194;146;116;48;2;124;86;61m🬭[38;2;132;92;68;48;2;180;127;91m🬄[38;2;129;86;60;48;2;194;132;93m🬁[38;2;193;134;94;48;2;58;41;33m🬱[38;2;170;119;80;48;2;29;25;26m🬏[38;2;12;14;18;48;2;24;23;25m🬏[38;2;32;33;39;48;2;22;23;23m🬏[38;2;27;28;30;48;2;23;22;23m🬏[38;2;26;25;27;48;2;23;22;23m🬁[38;2;17;18;20;48;2;25;24;25m🬭[38;2;8;12;18;48;2;24;22;24m🬭[38;2;7;10;16;48;2;22;22;23m🬭[38;2;15;17;20;48;2;21;21;22m🬭[38;2;15;17;19;48;2;27;23;23m🬚[38;2;17;19;21;48;2;22;21;22m🬞[38;2;9;11;16;48;2;15;16;19m▐[0m [38;2;148;163;184;49m⢸[0m
[38;2;148;163;184;49m⢸[0m [38;2;0;0;0;48;2;9;11;16m   [38;2;10;11;17;48;2;9;11;16m🬁[38;2;16;16;22;48;2;8;10;15m🬁[38;2;186;185;182;48;2;20;16;22m🬞[38;2;137;132;135;48;2;250;245;244m🬀[38;2;215;165;130;48;2;236;207;191m🬞[38;2;204;154;122;48;2;217;174;146m🬏[38;2;225;190;167;48;2;212;161;132m🬩[38;2;226;184;162;48;2;245;228;223m🬆[38;2;246;227;221;48;2;241;214;205m🬭[38;2;221;182;164;48;2;251;234;228m🬂[38;2;210;168;144;48;2;253;239;232m🬂[38;2;248;224;210;48;2;239;206;184m🬓[38;2;229;190;163;48;2;237;203;179m🬉[38;2;232;193;162;48;2;218;173;138m🬱[38;2;203;148;107;48;2;215;162;123m🬂[38;2;214;159;122;48;2;220;165;129m🬐[38;2;215;146;103;48;2;227;167;129m🬁[38;2;169;125;96;48;2;61;53;50m🬱[38;2;108;77;63;48;2;41;37;37m🬭[38;2;49;41;41;48;2;35;31;34m🬱[38;2;183;121;93;48;2;50;39;38m🬞[38;2;56;41;37;48;2;197;141;108m🬂[38;2;102;72;53;48;2;206;141;99m🬂[38;2;234;166;114;48;2;150;95;66m🬚[38;2;207;156;118;48;2;129;76;53m🬱[38;2;208;147;108;48;2;110;75;55m🬱[38;2;46;32;29;48;2;181;109;72m🬂[38;2;215;139;106;48;2;27;21;23m🬓[38;2;1;6;12;48;2;9;11;16m🬓[0m [38;2;148;163;184;49m⡇[0m
[38;2;148;163;184;49m⢸[0m [38;2;0;0;0;48;2;9;11;16m    [38;2;0;0;0;48;2;11;13;18m🬉[38;2;254;254;254;48;2;83;79;77m🬉[38;2;200;141;108;48;2;244;216;194m🬞[38;2;149;107;85;48;2;235;203;183m🬭[38;2;157;111;85;48;2;241;210;190m🬭[38;2;144;86;57;48;2;223;172;146m🬭[38;2;154;89;73;48;2;224;189;177m🬓[38;2;219;183;167;48;2;251;239;232m🬏[38;2;253;238;226;48;2;254;251;250m🬭[38;2;254;245;241;48;2;251;231;219m🬄[38;2;247;220;202;48;2;242;206;180m🬆[38;2;235;194;162;48;2;239;203;177m🬭[38;2;235;196;166;48;2;231;184;152m🬆[38;2;210;149;112;48;2;222;169;133m▐[38;2;197;130;92;48;2;209;147;109m🬱[38;2;219;162;127;48;2;204;144;107m🬂[38;2;231;179;143;48;2;201;141;107m🬂[38;2;208;150;115;48;2;179;120;90m🬌[38;2;140;88;70;48;2;182;117;88m🬂[38;2;182;112;85;48;2;210;147;114m🬀[38;2;254;233;191;48;2;217;168;131m🬇[38;2;217;157;116;48;2;98;48;30m🬄[38;2;205;144;114;48;2;160;93;59m🬏[38;2;178;122;90;48;2;241;203;170m🬂[38;2;210;125;98;48;2;247;208;175m▐[38;2;191;100;70;48;2;226;166;127m🬄[38;2;209;149;118;48;2;18;14;16m🬄[38;2;1;7;13;48;2;11;13;17m🬀[0m [38;2;148;163;184;49m⡇[0m
[38;2;148;163;184;49m⢸[0m [38;2;0;0;0;48;2;9;11;16m     [38;2;1;1;1;48;2;9;11;16m🬁[38;2;87;56;43;48;2;11;10;13m🬁[38;2;229;223;216;48;2;122;97;87m🬦[38;2;224;215;204;48;2;124;94;72m🬭[38;2;153;124;110;48;2;202;188;177m🬂[38;2;216;196;186;48;2;201;186;176m🬉[38;2;227;203;193;48;2;212;192;183m🬍[38;2;220;186;162;48;2;238;216;201m🬩[38;2;207;159;124;48;2;236;200;172m🬭[38;2;231;187;155;48;2;208;155;118m🬆[38;2;229;180;147;48;2;209;153;116m🬂[38;2;223;173;136;48;2;215;161;124m🬄[38;2;197;135;98;48;2;208;151;113m▐[38;2;197;134;98;48;2;192;124;86m🬭[38;2;195;135;99;48;2;191;128;91m🬠[38;2;198;137;102;48;2;195;132;99m🬚[38;2;177;114;84;48;2;190;128;95m🬁[38;2;187;127;93;48;2;202;141;107m🬀[38;2;194;121;88;48;2;210;145;111m🬭[38;2;126;75;50;48;2;213;164;127m🬁[38;2;143;93;70;48;2;219;183;152m🬀[38;2;242;193;158;48;2;213;142;105m🬐[38;2;223;164;131;48;2;239;191;156m🬩[38;2;224;145;115;48;2;160;97;80m🬆[38;2;40;29;29;48;2;160;102;86m▐[38;2;10;14;17;48;2;20;21;23m🬀[38;2;8;10;16;48;2;12;13;17m▐[0m [38;2;148;163;184;49m⡇[0m
[38;2;148;163;184;49m⢸[0m [38;2;0;0;0;48;2;9;11;16m      [38;2;0;1;5;48;2;8;11;16m🬁[38;2;228;199;193;48;2;12;7;10m🬁[38;2;96;88;79;48;2;232;204;196m🬓[38;2;173;127;97;48;2;226;215;207m🬋[38;2;168;119;91;48;2;212;194;175m🬋[38;2;196;171;156;48;2;153;113;84m🬂[38;2;81;53;35;48;2;185;161;141m🬭[38;2;178;139;109;48;2;218;182;148m🬑[38;2;196;143;103;48;2;208;158;118m🬆[38;2;204;152;113;48;2;215;167;126m🬀[38;2;219;170;130;48;2;217;166;128m🬖[38;2;204;148;111;48;2;210;157;120m▐[38;2;195;137;101;48;2;202;144;106m🬠[38;2;181;123;90;48;2;199;141;104m🬏[38;2;188;122;91;48;2;195;134;101m🬞[38;2;196;132;101;48;2;190;127;95m🬦[38;2;182;115;86;48;2;194;128;95m🬦[38;2;136;84;55;48;2;170;108;76m🬉[38;2;236;224;225;48;2;127;84;68m🬉[38;2;229;217;187;48;2;153;94;78m🬂[38;2;134;75;61;48;2;192;128;101m🬚[38;2;131;73;61;48;2;174;111;85m🬆[38;2;153;93;75;48;2;170;108;88m🬐[38;2;22;20;21;48;2;116;76;62m▐[38;2;15;16;18;48;2;20;20;23m🬦[38;2;11;13;17;48;2;8;10;16m🬀[0m [38;2;148;163;184;49m⡇[0m
 [38;2;148;163;184;49m⡇[0m [38;2;0;0;0;48;2;9;11;16m     [38;2;10;12;17;48;2;9;11;16m🬇[38;2;34;11;13;48;2;6;5;8m🬇[38;2;178;159;155;48;2;254;246;246m🬐[38;2;245;228;231;48;2;221;174;168m🬌[38;2;248;228;236;48;2;206;165;157m🬋[38;2;236;216;216;48;2;186;146;140m🬋[38;2;201;164;139;48;2;208;173;164m🬖[38;2;205;167;139;48;2;235;205;179m🬆[38;2;197;142;98;48;2;216;171;130m🬦[38;2;197;146;104;48;2;214;169;129m🬭[38;2;193;141;100;48;2;211;162;122m🬭[38;2;188;133;93;48;2;201;146;108m🬭[38;2;177;121;82;48;2;191;136;98m🬭[38;2;180;118;83;48;2;187;126;89m🬭[38;2;184;120;85;48;2;190;128;93m🬭[38;2;187;122;88;48;2;180;113;83m🬂[38;2;168;103;77;48;2;179;112;82m🬉[38;2;182;112;82;48;2;167;99;73m🬂[38;2;132;74;54;48;2;177;109;81m🬁[38;2;154;89;67;48;2;192;120;90m🬀[38;2;195;125;97;48;2;201;130;98m🬁[38;2;201;129;98;48;2;188;119;90m🬓[38;2;177;113;85;48;2;154;97;75m🬐[38;2;62;40;37;48;2;98;63;52m▐[38;2;9;11;16;48;2;34;25;27m▐[0m [38;2;148;163;184;49m⢸[0m
 [38;2;148;163;184;49m⠘⡄[0m [38;2;0;0;0;48;2;9;11;16m    [38;2;10;11;16;48;2;9;11;16m🬉[38;2;15;13;18;48;2;5;10;15m▐[38;2;156;150;136;48;2;0;0;0m▐[38;2;252;247;245;48;2;222;200;180m🬱[38;2;249;229;218;48;2;215;185;161m🬭[38;2;245;219;201;48;2;218;183;160m🬭[38;2;230;195;169;48;2;238;204;176m🬄[38;2;238;205;173;48;2;227;195;159m🬐[38;2;187;128;84;48;2;211;168;126m▐[38;2;193;143;100;48;2;183;131;86m🬉[38;2;149;103;66;48;2;179;128;83m🬦[38;2;155;108;71;48;2;125;86;57m🬆[38;2;154;101;68;48;2;121;83;56m🬂[38;2;159;104;70;48;2;138;91;62m🬂[38;2;164;105;73;48;2;144;90;63m🬂[38;2;147;89;63;48;2;166;103;74m🬭[38;2;147;87;65;48;2;161;97;72m🬚[38;2;168;105;74;48;2;149;88;64m🬭[38;2;175;110;78;48;2;194;129;89m🬆[38;2;189;119;86;48;2;194;125;90m🬁[38;2;187;118;85;48;2;196;127;91m🬦[38;2;185;117;85;48;2;167;104;75m🬀[38;2;96;58;45;48;2;141;87;65m🬦[38;2;69;45;38;48;2;24;19;20m🬆[0m [38;2;148;163;184;49m⢠⠃[0m
  [38;2;148;163;184;49m⠘⡄[0m [38;2;0;0;0;48;2;9;11;16m    [38;2;8;14;19;48;2;8;11;16m🬇[38;2;186;171;157;48;2;11;7;8m🬉[38;2;128;120;112;48;2;246;231;216m🬏[38;2;216;182;143;48;2;249;224;204m🬭[38;2;239;211;184;48;2;207;171;130m🬆[38;2;228;194;159;48;2;179;140;99m🬆[38;2;194;159;119;48;2;130;99;71m🬂[38;2;161;121;79;48;2;119;85;59m🬂[38;2;150;109;72;48;2;104;74;52m🬂[38;2;93;60;44;48;2;122;82;56m🬭[38;2;126;82;56;48;2;91;57;41m🬆[38;2;121;77;52;48;2;95;59;42m🬂[38;2;117;71;50;48;2;105;66;45m🬂[38;2;116;71;48;48;2;126;75;52m🬏[38;2;139;86;59;48;2;130;79;53m▐[38;2;154;97;64;48;2;169;108;74m🬱[38;2;194;133;89;48;2;181;118;79m🬞[38;2;194;132;88;48;2;199;140;99m🬄[38;2;202;141;102;48;2;200;134;98m🬚[38;2;195;120;86;48;2;201;128;92m▐[38;2;73;46;37;48;2;164;99;71m🬞[38;2;105;61;48;48;2;24;18;20m🬀[0m [38;2;148;163;184;49m⢠⠃[0m
   [38;2;148;163;184;49m⠈⠢⡀[0m [38;2;0;0;0;48;2;9;11;16m  [38;2;10;11;16;48;2;9;11;16m▐[38;2;21;13;19;48;2;3;7;11m🬉[38;2;58;27;30;48;2;24;7;8m🬃[38;2;0;0;0;48;2;59;60;73m🬋[38;2;94;123;185;48;2;63;51;43m🬭[38;2;80;62;60;48;2;96;128;190m🬆[38;2;95;133;205;48;2;85;68;67m🬭[38;2;87;129;201;48;2;81;60;57m🬭[38;2;98;146;222;48;2;82;58;55m🬭[38;2;133;143;176;48;2;79;47;30m🬏[38;2;102;61;41;48;2;83;49;34m🬠[38;2;103;64;43;48;2;140;85;52m🬆[38;2;125;78;52;48;2;158;100;64m🬂[38;2;132;82;53;48;2;175;113;74m🬂[38;2;195;137;94;48;2;150;96;60m🬭[38;2;174;116;73;48;2;200;151;107m🬆[38;2;201;146;103;48;2;213;163;121m🬂[38;2;205;147;108;48;2;217;161;120m🬠[38;2;87;58;45;48;2;188;127;89m🬞[38;2;146;92;66;48;2;21;17;20m🬆[0m [38;2;148;163;184;49m⢀⠔⠁[0m
     [38;2;148;163;184;49m⠈⠢⡀[0m [38;2;7;8;12;48;2;9;10;16m🬅[38;2;120;145;199;48;2;34;39;56m🬇[38;2;130;168;232;48;2;74;92;130m🬍[38;2;108;140;195;48;2;127;167;232m🬭[38;2;120;157;223;48;2;109;147;212m🬭[38;2;79;114;177;48;2;97;133;199m▐[38;2;83;117;180;48;2;72;104;166m▐[38;2;71;101;161;48;2;89;126;192m🬂[38;2;35;64;120;48;2;88;126;191m🬞[38;2;240;203;166;48;2;102;127;181m▐[38;2;162;106;63;48;2;216;165;125m🬂[38;2;190;129;85;48;2;227;183;147m🬂[38;2;202;148;106;48;2;220;173;134m🬂[38;2;203;149;108;48;2;215;163;123m🬂[38;2;181;144;113;48;2;216;168;127m🬞[38;2;120;98;82;48;2;222;176;136m🬭[38;2;201;157;120;48;2;51;43;39m🬆[38;2;126;93;71;48;2;11;11;16m🬂[0m [38;2;148;163;184;49m⢀⠔⠁[0m
       [38;2;148;163;184;49m⠈⠒⠤⣀[0m  [38;2;65;86;123;48;2;7;8;12m🬂[38;2;66;93;143;48;2;11;14;22m🬂[38;2;76;105;165;48;2;16;22;37m🬂[38;2;108;146;211;48;2;30;40;58m🬂[38;2;20;27;44;48;2;61;92;146m🬱[38;2;27;35;51;48;2;170;182;198m🬱[38;2;216;185;158;48;2;48;43;42m🬆[38;2;208;163;130;48;2;37;28;25m🬂[38;2;155;114;83;48;2;14;13;16m🬂[38;2;110;85;66;48;2;4;8;14m🬂[0m  [38;2;148;163;184;49m⣀⠤⠒⠁[0m
           [38;2;148;163;184;49m⠉⠒⠒⠤⠤⠤⠤⠤⠤⠤⠤⠒⠒⠉[0m
